DeployID,Ptt,DepthSensor,Source,Instr,Day,Time,LocationQuality,Latitude,Longitude,Depth,DRange,Temperature,TRange,Activity,ARange
ZcTag087,180757,1.000000,Transmission,Mk10,02-Jun-2019,14:20:00,,,,244.0,25.00,,,,
ZcTag087,180757,1.000000,Transmission,Mk10,02-Jun-2019,14:25:00,,,,310.0,48.50,,,,
ZcTag087,180757,1.000000,Transmission,Mk10,02-Jun-2019,14:30:00,,,,200.0,25.00,,,,
ZcTag087,180757,1.000000,Transmission,Mk10,02-Jun-2019,14:35:00,,,,11.0,11.50,,,,
ZcTag087,180757,1.000000,Transmission,Mk10,02-Jun-2019,14:40:00,,,,399.0,49.50,,,,
ZcTag087,180757,1.000000,Transmission,Mk10,02-Jun-2019,14:45:00,,,,1064.0,101.00,,,,
ZcTag087,180757,1.000000,Transmission,Mk10,02-Jun-2019,14:50:00,,,,1241.0,103.50,,,,
ZcTag087,180757,1.000000,Transmission,Mk10,02-Jun-2019,14:55:00,,,,1241.0,103.50,,,,
ZcTag087,180757,1.000000,Transmission,Mk10,02-Jun-2019,15:00:00,,,,1241.0,103.50,,,,
ZcTag087,180757,1.000000,Transmission,Mk10,02-Jun-2019,15:05:00,,,,1241.0,103.50,,,,
ZcTag087,180757,1.000000,Transmission,Mk10,02-Jun-2019,15:10:00,,,,1241.0,103.50,,,,
ZcTag087,180757,1.000000,Transmission,Mk10,02-Jun-2019,15:15:00,,,,887.0,99.00,,,,
ZcTag087,180757,1.000000,Transmission,Mk10,02-Jun-2019,15:20:00,,,,576.0,51.50,,,,
ZcTag087,180757,1.000000,Transmission,Mk10,02-Jun-2019,15:25:00,,,,399.0,49.50,,,,
ZcTag087,180757,1.000000,Transmission,Mk10,02-Jun-2019,15:30:00,,,,155.0,24.50,,,,
ZcTag087,180757,1.000000,Transmission,Mk10,02-Jun-2019,15:35:00,,,,33.0,12.00,,,,
ZcTag087,180757,1.000000,Transmission,Mk10,02-Jun-2019,15:40:00,,,,399.0,49.50,,,,
ZcTag087,180757,1.000000,Transmission,Mk10,02-Jun-2019,15:45:00,,,,399.0,49.50,,,,
ZcTag087,180757,1.000000,Transmission,Mk10,02-Jun-2019,15:50:00,,,,310.0,48.50,,,,
ZcTag087,180757,1.000000,Transmission,Mk10,02-Jun-2019,15:55:00,,,,11.0,11.50,,,,
ZcTag087,180757,1.000000,Transmission,Mk10,02-Jun-2019,16:00:00,,,,244.0,25.00,,,,
ZcTag087,180757,1.000000,Transmission,Mk10,02-Jun-2019,16:05:00,,,,399.0,49.50,,,,
ZcTag087,180757,1.000000,Transmission,Mk10,02-Jun-2019,16:10:00,,,,310.0,48.50,,,,
ZcTag087,180757,1.000000,Transmission,Mk10,02-Jun-2019,16:15:00,,,,155.0,24.50,,,,
ZcTag087,180757,1.000000,Transmission,Mk10,02-Jun-2019,16:20:00,,,,55.0,12.50,,,,
ZcTag087,180757,1.000000,Transmission,Mk10,02-Jun-2019,16:25:00,,,,310.0,48.50,,,,
ZcTag087,180757,1.000000,Transmission,Mk10,02-Jun-2019,16:30:00,,,,155.0,24.50,,,,
ZcTag087,180757,1.000000,Transmission,Mk10,02-Jun-2019,16:35:00,,,,111.0,24.00,,,,
ZcTag087,180757,1.000000,Transmission,Mk10,02-Jun-2019,16:40:00,,,,710.0,97.00,,,,
ZcTag087,180757,1.000000,Transmission,Mk10,02-Jun-2019,16:45:00,,,,1241.0,103.50,,,,
ZcTag087,180757,1.000000,Transmission,Mk10,02-Jun-2019,16:50:00,,,,1241.0,103.50,,,,
ZcTag087,180757,1.000000,Transmission,Mk10,02-Jun-2019,16:55:00,,,,1241.0,103.50,,,,
ZcTag087,180757,1.000000,Transmission,Mk10,02-Jun-2019,17:00:00,,,,1241.0,103.50,,,,
ZcTag087,180757,1.000000,Transmission,Mk10,02-Jun-2019,17:05:00,,,,1241.0,103.50,,,,
ZcTag087,180757,1.000000,Transmission,Mk10,02-Jun-2019,17:10:00,,,,1241.0,103.50,,,,
ZcTag087,180757,1.000000,Transmission,Mk10,02-Jun-2019,17:15:00,,,,887.0,99.00,,,,
ZcTag087,180757,1.000000,Transmission,Mk10,02-Jun-2019,17:20:00,,,,576.0,51.50,,,,
ZcTag087,180757,1.000000,Transmission,Mk10,02-Jun-2019,17:25:00,,,,310.0,48.50,,,,
ZcTag087,180757,1.000000,Transmission,Mk10,02-Jun-2019,17:30:00,,,,77.0,12.50,,,,
ZcTag087,180757,1.000000,Transmission,Mk10,02-Jun-2019,17:35:00,,,,111.0,24.00,,,,
ZcTag087,180757,1.000000,Transmission,Mk10,02-Jun-2019,17:40:00,,,,310.0,48.50,,,,
ZcTag087,180757,1.000000,Transmission,Mk10,02-Jun-2019,17:45:00,,,,310.0,48.50,,,,
ZcTag087,180757,1.000000,Transmission,Mk10,02-Jun-2019,17:50:00,,,,244.0,25.00,,,,
ZcTag087,180757,1.000000,Transmission,Mk10,02-Jun-2019,17:55:00,,,,11.0,11.50,,,,
ZcTag087,180757,1.000000,Transmission,Mk10,02-Jun-2019,18:00:00,,,,310.0,48.50,,,,
ZcTag087,180757,1.000000,Transmission,Mk10,02-Jun-2019,18:05:00,,,,399.0,49.50,,,,
ZcTag087,180757,1.000000,Transmission,Mk10,02-Jun-2019,18:10:00,,,,310.0,48.50,,,,
ZcTag087,180757,1.000000,Transmission,Mk10,02-Jun-2019,18:15:00,,,,155.0,24.50,,,,
ZcTag087,180757,1.000000,Transmission,Mk10,02-Jun-2019,18:20:00,,,,111.0,24.00,,,,
ZcTag087,180757,1.000000,Transmission,Mk10,02-Jun-2019,18:25:00,,,,310.0,48.50,,,,
ZcTag087,180757,1.000000,Transmission,Mk10,02-Jun-2019,18:30:00,,,,310.0,48.50,,,,
ZcTag087,180757,1.000000,Transmission,Mk10,02-Jun-2019,18:35:00,,,,310.0,48.50,,,,
ZcTag087,180757,1.000000,Transmission,Mk10,02-Jun-2019,18:40:00,,,,244.0,25.00,,,,
ZcTag087,180757,1.000000,Transmission,Mk10,02-Jun-2019,18:45:00,,,,11.0,11.50,,,,
ZcTag087,180757,1.000000,Transmission,Mk10,02-Jun-2019,18:50:00,,,,310.0,48.50,,,,
ZcTag087,180757,1.000000,Transmission,Mk10,02-Jun-2019,18:55:00,,,,310.0,48.50,,,,
ZcTag087,180757,1.000000,Transmission,Mk10,02-Jun-2019,19:00:00,,,,310.0,48.50,,,,
ZcTag087,180757,1.000000,Transmission,Mk10,02-Jun-2019,19:05:00,,,,33.0,12.00,,,,
ZcTag087,180757,1.000000,Transmission,Mk10,02-Jun-2019,19:10:00,,,,155.0,24.50,,,,
ZcTag087,180757,1.000000,Transmission,Mk10,02-Jun-2019,19:15:00,,,,710.0,97.00,,,,
ZcTag087,180757,1.000000,Transmission,Mk10,02-Jun-2019,19:20:00,,,,1241.0,103.50,,,,
ZcTag087,180757,1.000000,Transmission,Mk10,02-Jun-2019,19:25:00,,,,1241.0,103.50,,,,
ZcTag087,180757,1.000000,Transmission,Mk10,02-Jun-2019,19:30:00,,,,1241.0,103.50,,,,
ZcTag087,180757,1.000000,Transmission,Mk10,02-Jun-2019,19:35:00,,,,1241.0,103.50,,,,
ZcTag087,180757,1.000000,Transmission,Mk10,02-Jun-2019,19:40:00,,,,1241.0,103.50,,,,
ZcTag087,180757,1.000000,Transmission,Mk10,02-Jun-2019,19:45:00,,,,1064.0,101.00,,,,
ZcTag087,180757,1.000000,Transmission,Mk10,02-Jun-2019,19:50:00,,,,887.0,99.00,,,,
ZcTag087,180757,1.000000,Transmission,Mk10,02-Jun-2019,19:55:00,,,,887.0,99.00,,,,
ZcTag087,180757,1.000000,Transmission,Mk10,02-Jun-2019,20:00:00,,,,726.0,99.00,,,,
ZcTag087,180757,1.000000,Transmission,Mk10,02-Jun-2019,20:05:00,,,,499.0,51.00,,,,
ZcTag087,180757,1.000000,Transmission,Mk10,02-Jun-2019,20:10:00,,,,317.0,49.50,,,,
ZcTag087,180757,1.000000,Transmission,Mk10,02-Jun-2019,20:15:00,,,,11.0,11.50,,,,
ZcTag087,180757,1.000000,Transmission,Mk10,02-Jun-2019,20:20:00,,,,249.0,25.50,,,,
ZcTag087,180757,1.000000,Transmission,Mk10,02-Jun-2019,20:25:00,,,,408.0,50.50,,,,
ZcTag087,180757,1.000000,Transmission,Mk10,02-Jun-2019,20:30:00,,,,317.0,49.50,,,,
ZcTag087,180757,1.000000,Transmission,Mk10,02-Jun-2019,20:35:00,,,,159.0,25.00,,,,
ZcTag087,180757,1.000000,Transmission,Mk10,02-Jun-2019,20:40:00,,,,11.0,11.50,,,,
ZcTag087,180757,1.000000,Transmission,Mk10,02-Jun-2019,20:45:00,,,,317.0,49.50,,,,
ZcTag087,180757,1.000000,Transmission,Mk10,02-Jun-2019,20:50:00,,,,408.0,50.50,,,,
ZcTag087,180757,1.000000,Transmission,Mk10,02-Jun-2019,20:55:00,,,,317.0,49.50,,,,
ZcTag087,180757,1.000000,Transmission,Mk10,02-Jun-2019,21:00:00,,,,34.0,12.00,,,,
ZcTag087,180757,1.000000,Transmission,Mk10,02-Jun-2019,21:05:00,,,,204.0,25.50,,,,
ZcTag087,180757,1.000000,Transmission,Mk10,02-Jun-2019,21:10:00,,,,317.0,49.50,,,,
ZcTag087,180757,1.000000,Transmission,Mk10,02-Jun-2019,21:15:00,,,,317.0,49.50,,,,
ZcTag087,180757,1.000000,Transmission,Mk10,02-Jun-2019,21:20:00,,,,34.0,12.00,,,,
ZcTag087,180757,1.000000,Transmission,Mk10,02-Jun-2019,21:25:00,,,,159.0,25.00,,,,
ZcTag087,180757,1.000000,Transmission,Mk10,02-Jun-2019,21:30:00,,,,317.0,49.50,,,,
ZcTag087,180757,1.000000,Transmission,Mk10,02-Jun-2019,21:35:00,,,,317.0,49.50,,,,
ZcTag087,180757,1.000000,Transmission,Mk10,02-Jun-2019,21:40:00,,,,317.0,49.50,,,,
ZcTag087,180757,1.000000,Transmission,Mk10,02-Jun-2019,21:45:00,,,,11.0,11.50,,,,
ZcTag087,180757,1.000000,Transmission,Mk10,02-Jun-2019,21:50:00,,,,249.0,25.50,,,,
ZcTag087,180757,1.000000,Transmission,Mk10,02-Jun-2019,21:55:00,,,,317.0,49.50,,,,
ZcTag087,180757,1.000000,Transmission,Mk10,02-Jun-2019,22:00:00,,,,408.0,50.50,,,,
ZcTag087,180757,1.000000,Transmission,Mk10,02-Jun-2019,22:05:00,,,,499.0,51.00,,,,
ZcTag087,180757,1.000000,Transmission,Mk10,02-Jun-2019,22:10:00,,,,249.0,25.50,,,,
ZcTag087,180757,1.000000,Transmission,Mk10,02-Jun-2019,22:15:00,,,,11.0,11.50,,,,
ZcTag087,180757,1.000000,Transmission,Mk10,02-Jun-2019,22:20:00,,,,589.0,52.50,,,,
ZcTag087,180757,1.000000,Transmission,Mk10,02-Jun-2019,22:25:00,,,,1088.0,103.00,,,,
ZcTag087,180757,1.000000,Transmission,Mk10,02-Jun-2019,22:30:00,,,,1270.0,106.50,,,,
ZcTag087,180757,1.000000,Transmission,Mk10,02-Jun-2019,22:35:00,,,,1270.0,106.50,,,,
ZcTag087,180757,1.000000,Transmission,Mk10,02-Jun-2019,22:40:00,,,,1270.0,106.50,,,,
ZcTag087,180757,1.000000,Transmission,Mk10,02-Jun-2019,22:45:00,,,,1270.0,106.50,,,,
ZcTag087,180757,1.000000,Transmission,Mk10,02-Jun-2019,22:50:00,,,,1270.0,106.50,,,,
ZcTag087,180757,1.000000,Transmission,Mk10,02-Jun-2019,22:55:00,,,,1270.0,106.50,,,,
ZcTag087,180757,1.000000,Transmission,Mk10,02-Jun-2019,23:00:00,,,,1270.0,106.50,,,,
ZcTag087,180757,1.000000,Transmission,Mk10,02-Jun-2019,23:05:00,,,,1088.0,103.00,,,,
ZcTag087,180757,1.000000,Transmission,Mk10,02-Jun-2019,23:10:00,,,,726.0,99.00,,,,
ZcTag087,180757,1.000000,Transmission,Mk10,02-Jun-2019,23:15:00,,,,408.0,50.50,,,,
ZcTag087,180757,1.000000,Transmission,Mk10,02-Jun-2019,23:20:00,,,,56.0,12.50,,,,
ZcTag087,180757,1.000000,Transmission,Mk10,02-Jun-2019,23:25:00,,,,159.0,25.00,,,,
ZcTag087,180757,1.000000,Transmission,Mk10,02-Jun-2019,23:30:00,,,,317.0,49.50,,,,
ZcTag087,180757,1.000000,Transmission,Mk10,02-Jun-2019,23:35:00,,,,317.0,49.50,,,,
ZcTag087,180757,1.000000,Transmission,Mk10,02-Jun-2019,23:40:00,,,,204.0,25.50,,,,
ZcTag087,180757,1.000000,Transmission,Mk10,02-Jun-2019,23:45:00,,,,11.0,11.50,,,,
ZcTag087,180757,1.000000,Transmission,Mk10,02-Jun-2019,23:50:00,,,,249.0,25.50,,,,
ZcTag087,180757,1.000000,Transmission,Mk10,02-Jun-2019,23:55:00,,,,317.0,49.50,,,,
ZcTag087,180757,1.000000,Transmission,Mk10,03-Jun-2019,00:00:00,,,,310.0,48.50,,,,
ZcTag087,180757,1.000000,Transmission,Mk10,03-Jun-2019,00:05:00,,,,11.0,11.50,,,,
ZcTag087,180757,1.000000,Transmission,Mk10,03-Jun-2019,00:10:00,,,,200.0,25.00,,,,
ZcTag087,180757,1.000000,Transmission,Mk10,03-Jun-2019,00:15:00,,,,310.0,48.50,,,,
ZcTag087,180757,1.000000,Transmission,Mk10,03-Jun-2019,00:20:00,,,,244.0,25.00,,,,
ZcTag087,180757,1.000000,Transmission,Mk10,03-Jun-2019,00:25:00,,,,33.0,12.00,,,,
ZcTag087,180757,1.000000,Transmission,Mk10,03-Jun-2019,00:30:00,,,,155.0,24.50,,,,
ZcTag087,180757,1.000000,Transmission,Mk10,03-Jun-2019,00:35:00,,,,310.0,48.50,,,,
ZcTag087,180757,1.000000,Transmission,Mk10,03-Jun-2019,00:40:00,,,,310.0,48.50,,,,
ZcTag087,180757,1.000000,Transmission,Mk10,03-Jun-2019,00:45:00,,,,200.0,25.00,,,,
ZcTag087,180757,1.000000,Transmission,Mk10,03-Jun-2019,00:50:00,,,,11.0,11.50,,,,
ZcTag087,180757,1.000000,Transmission,Mk10,03-Jun-2019,00:55:00,,,,200.0,25.00,,,,
ZcTag087,180757,1.000000,Transmission,Mk10,03-Jun-2019,01:00:00,,,,244.0,25.00,,,,
ZcTag087,180757,1.000000,Transmission,Mk10,03-Jun-2019,01:05:00,,,,33.0,12.00,,,,
ZcTag087,180757,1.000000,Transmission,Mk10,03-Jun-2019,01:10:00,,,,155.0,24.50,,,,
ZcTag087,180757,1.000000,Transmission,Mk10,03-Jun-2019,01:15:00,,,,710.0,97.00,,,,
ZcTag087,180757,1.000000,Transmission,Mk10,03-Jun-2019,01:20:00,,,,1241.0,103.50,,,,
ZcTag087,180757,1.000000,Transmission,Mk10,03-Jun-2019,01:25:00,,,,1241.0,103.50,,,,
ZcTag087,180757,1.000000,Transmission,Mk10,03-Jun-2019,01:30:00,,,,1241.0,103.50,,,,
ZcTag087,180757,1.000000,Transmission,Mk10,03-Jun-2019,01:35:00,,,,1241.0,103.50,,,,
ZcTag087,180757,1.000000,Transmission,Mk10,03-Jun-2019,01:40:00,,,,1241.0,103.50,,,,
ZcTag087,180757,1.000000,Transmission,Mk10,03-Jun-2019,01:45:00,,,,1241.0,103.50,,,,
ZcTag087,180757,1.000000,Transmission,Mk10,03-Jun-2019,01:50:00,,,,1241.0,103.50,,,,
ZcTag087,180757,1.000000,Transmission,Mk10,03-Jun-2019,01:55:00,,,,1241.0,103.50,,,,
ZcTag087,180757,1.000000,Transmission,Mk10,03-Jun-2019,02:00:00,,,,710.0,97.00,,,,
ZcTag087,180757,1.000000,Transmission,Mk10,03-Jun-2019,02:05:00,,,,399.0,49.50,,,,
ZcTag087,180757,1.000000,Transmission,Mk10,03-Jun-2019,02:10:00,,,,11.0,11.50,,,,
ZcTag087,180757,1.000000,Transmission,Mk10,03-Jun-2019,02:15:00,,,,155.0,24.50,,,,
ZcTag087,180757,1.000000,Transmission,Mk10,03-Jun-2019,02:20:00,,,,310.0,48.50,,,,
ZcTag087,180757,1.000000,Transmission,Mk10,03-Jun-2019,02:25:00,,,,77.0,12.50,,,,
ZcTag087,180757,1.000000,Transmission,Mk10,03-Jun-2019,02:30:00,,,,55.0,12.50,,,,
ZcTag087,180757,1.000000,Transmission,Mk10,03-Jun-2019,02:35:00,,,,200.0,25.00,,,,
ZcTag087,180757,1.000000,Transmission,Mk10,03-Jun-2019,02:40:00,,,,200.0,25.00,,,,
ZcTag087,180757,1.000000,Transmission,Mk10,03-Jun-2019,02:45:00,,,,11.0,11.50,,,,
ZcTag087,180757,1.000000,Transmission,Mk10,03-Jun-2019,02:50:00,,,,111.0,24.00,,,,
ZcTag087,180757,1.000000,Transmission,Mk10,03-Jun-2019,02:55:00,,,,200.0,25.00,,,,
ZcTag087,180757,1.000000,Transmission,Mk10,03-Jun-2019,03:00:00,,,,200.0,25.00,,,,
ZcTag087,180757,1.000000,Transmission,Mk10,03-Jun-2019,03:05:00,,,,11.0,11.50,,,,
ZcTag087,180757,1.000000,Transmission,Mk10,03-Jun-2019,03:10:00,,,,11.0,11.50,,,,
ZcTag087,180757,1.000000,Transmission,Mk10,03-Jun-2019,03:15:00,,,,310.0,48.50,,,,
ZcTag087,180757,1.000000,Transmission,Mk10,03-Jun-2019,03:20:00,,,,887.0,99.00,,,,
ZcTag087,180757,1.000000,Transmission,Mk10,03-Jun-2019,03:25:00,,,,1241.0,103.50,,,,
ZcTag087,180757,1.000000,Transmission,Mk10,03-Jun-2019,03:30:00,,,,1241.0,103.50,,,,
ZcTag087,180757,1.000000,Transmission,Mk10,03-Jun-2019,03:35:00,,,,1241.0,103.50,,,,
ZcTag087,180757,1.000000,Transmission,Mk10,03-Jun-2019,03:40:00,,,,1241.0,103.50,,,,
ZcTag087,180757,1.000000,Transmission,Mk10,03-Jun-2019,03:45:00,,,,1064.0,101.00,,,,
ZcTag087,180757,1.000000,Transmission,Mk10,03-Jun-2019,03:50:00,,,,1064.0,101.00,,,,
ZcTag087,180757,1.000000,Transmission,Mk10,03-Jun-2019,03:55:00,,,,887.0,99.00,,,,
ZcTag087,180757,1.000000,Transmission,Mk10,03-Jun-2019,04:00:00,,,,562.0,51.50,,,,
ZcTag087,180757,1.000000,Transmission,Mk10,03-Jun-2019,04:05:00,,,,151.0,24.50,,,,
ZcTag087,180757,1.000000,Transmission,Mk10,03-Jun-2019,04:10:00,,,,75.0,12.50,,,,
ZcTag087,180757,1.000000,Transmission,Mk10,03-Jun-2019,04:15:00,,,,238.0,25.00,,,,
ZcTag087,180757,1.000000,Transmission,Mk10,03-Jun-2019,04:20:00,,,,238.0,25.00,,,,
ZcTag087,180757,1.000000,Transmission,Mk10,03-Jun-2019,04:25:00,,,,32.0,11.50,,,,
ZcTag087,180757,1.000000,Transmission,Mk10,03-Jun-2019,04:30:00,,,,151.0,24.50,,,,
ZcTag087,180757,1.000000,Transmission,Mk10,03-Jun-2019,04:35:00,,,,303.0,48.00,,,,
ZcTag087,180757,1.000000,Transmission,Mk10,03-Jun-2019,04:40:00,,,,238.0,25.00,,,,
ZcTag087,180757,1.000000,Transmission,Mk10,03-Jun-2019,04:45:00,,,,11.0,11.00,,,,
ZcTag087,180757,1.000000,Transmission,Mk10,03-Jun-2019,04:50:00,,,,151.0,24.50,,,,
ZcTag087,180757,1.000000,Transmission,Mk10,03-Jun-2019,04:55:00,,,,195.0,25.00,,,,
ZcTag087,180757,1.000000,Transmission,Mk10,03-Jun-2019,05:00:00,,,,151.0,24.50,,,,
ZcTag087,180757,1.000000,Transmission,Mk10,03-Jun-2019,05:05:00,,,,11.0,11.00,,,,
ZcTag087,180757,1.000000,Transmission,Mk10,03-Jun-2019,05:10:00,,,,32.0,11.50,,,,
ZcTag087,180757,1.000000,Transmission,Mk10,03-Jun-2019,05:15:00,,,,11.0,11.00,,,,
ZcTag087,180757,1.000000,Transmission,Mk10,03-Jun-2019,05:20:00,,,,389.0,49.50,,,,
ZcTag087,180757,1.000000,Transmission,Mk10,03-Jun-2019,05:25:00,,,,1038.0,101.00,,,,
ZcTag087,180757,1.000000,Transmission,Mk10,03-Jun-2019,05:30:00,,,,1211.0,104.00,,,,
ZcTag087,180757,1.000000,Transmission,Mk10,03-Jun-2019,05:35:00,,,,1211.0,104.00,,,,
ZcTag087,180757,1.000000,Transmission,Mk10,03-Jun-2019,05:40:00,,,,1211.0,104.00,,,,
ZcTag087,180757,1.000000,Transmission,Mk10,03-Jun-2019,05:45:00,,,,1211.0,104.00,,,,
ZcTag087,180757,1.000000,Transmission,Mk10,03-Jun-2019,05:50:00,,,,1211.0,104.00,,,,
ZcTag087,180757,1.000000,Transmission,Mk10,03-Jun-2019,05:55:00,,,,1211.0,104.00,,,,
ZcTag087,180757,1.000000,Transmission,Mk10,03-Jun-2019,06:00:00,,,,1038.0,101.00,,,,
ZcTag087,180757,1.000000,Transmission,Mk10,03-Jun-2019,06:05:00,,,,865.0,99.00,,,,
ZcTag087,180757,1.000000,Transmission,Mk10,03-Jun-2019,06:10:00,,,,476.0,50.00,,,,
ZcTag087,180757,1.000000,Transmission,Mk10,03-Jun-2019,06:15:00,,,,11.0,11.00,,,,
ZcTag087,180757,1.000000,Transmission,Mk10,03-Jun-2019,06:20:00,,,,195.0,25.00,,,,
ZcTag087,180757,1.000000,Transmission,Mk10,03-Jun-2019,06:25:00,,,,303.0,48.00,,,,
ZcTag087,180757,1.000000,Transmission,Mk10,03-Jun-2019,06:30:00,,,,238.0,25.00,,,,
ZcTag087,180757,1.000000,Transmission,Mk10,03-Jun-2019,06:35:00,,,,11.0,11.00,,,,
ZcTag087,180757,1.000000,Transmission,Mk10,03-Jun-2019,06:40:00,,,,195.0,25.00,,,,
ZcTag087,180757,1.000000,Transmission,Mk10,03-Jun-2019,06:45:00,,,,303.0,48.00,,,,
ZcTag087,180757,1.000000,Transmission,Mk10,03-Jun-2019,06:50:00,,,,303.0,48.00,,,,
ZcTag087,180757,1.000000,Transmission,Mk10,03-Jun-2019,06:55:00,,,,11.0,11.00,,,,
ZcTag087,180757,1.000000,Transmission,Mk10,03-Jun-2019,07:00:00,,,,151.0,24.50,,,,
ZcTag087,180757,1.000000,Transmission,Mk10,03-Jun-2019,07:05:00,,,,238.0,25.00,,,,
ZcTag087,180757,1.000000,Transmission,Mk10,03-Jun-2019,07:10:00,,,,238.0,25.00,,,,
ZcTag087,180757,1.000000,Transmission,Mk10,03-Jun-2019,07:15:00,,,,54.0,12.00,,,,
ZcTag087,180757,1.000000,Transmission,Mk10,03-Jun-2019,07:20:00,,,,32.0,11.50,,,,
ZcTag087,180757,1.000000,Transmission,Mk10,03-Jun-2019,07:25:00,,,,54.0,12.00,,,,
ZcTag087,180757,1.000000,Transmission,Mk10,03-Jun-2019,07:30:00,,,,151.0,24.50,,,,
ZcTag087,180757,1.000000,Transmission,Mk10,03-Jun-2019,07:35:00,,,,692.0,96.50,,,,
ZcTag087,180757,1.000000,Transmission,Mk10,03-Jun-2019,07:40:00,,,,1211.0,104.00,,,,
ZcTag087,180757,1.000000,Transmission,Mk10,03-Jun-2019,07:45:00,,,,1038.0,101.00,,,,
ZcTag087,180757,1.000000,Transmission,Mk10,03-Jun-2019,07:50:00,,,,1038.0,101.00,,,,
ZcTag087,180757,1.000000,Transmission,Mk10,03-Jun-2019,07:55:00,,,,1211.0,104.00,,,,
ZcTag087,180757,1.000000,Transmission,Mk10,03-Jun-2019,08:00:00,,,,1181.0,100.00,,,,
ZcTag087,180757,1.000000,Transmission,Mk10,03-Jun-2019,08:05:00,,,,1011.0,96.50,,,,
ZcTag087,180757,1.000000,Transmission,Mk10,03-Jun-2019,08:10:00,,,,843.0,95.00,,,,
ZcTag087,180757,1.000000,Transmission,Mk10,03-Jun-2019,08:15:00,,,,843.0,95.00,,,,
ZcTag087,180757,1.000000,Transmission,Mk10,03-Jun-2019,08:20:00,,,,548.0,49.00,,,,
ZcTag087,180757,1.000000,Transmission,Mk10,03-Jun-2019,08:25:00,,,,147.0,23.50,,,,
ZcTag087,180757,1.000000,Transmission,Mk10,03-Jun-2019,08:30:00,,,,52.0,11.50,,,,
ZcTag087,180757,1.000000,Transmission,Mk10,03-Jun-2019,08:35:00,,,,295.0,46.00,,,,
ZcTag087,180757,1.000000,Transmission,Mk10,03-Jun-2019,08:40:00,,,,379.0,47.50,,,,
ZcTag087,180757,1.000000,Transmission,Mk10,03-Jun-2019,08:45:00,,,,232.0,24.00,,,,
ZcTag087,180757,1.000000,Transmission,Mk10,03-Jun-2019,08:50:00,,,,11.0,11.00,,,,
ZcTag087,180757,1.000000,Transmission,Mk10,03-Jun-2019,08:55:00,,,,295.0,46.00,,,,
ZcTag087,180757,1.000000,Transmission,Mk10,03-Jun-2019,09:00:00,,,,379.0,47.50,,,,
ZcTag087,180757,1.000000,Transmission,Mk10,03-Jun-2019,09:05:00,,,,379.0,47.50,,,,
ZcTag087,180757,1.000000,Transmission,Mk10,03-Jun-2019,09:10:00,,,,147.0,23.50,,,,
ZcTag087,180757,1.000000,Transmission,Mk10,03-Jun-2019,09:15:00,,,,105.0,22.50,,,,
ZcTag087,180757,1.000000,Transmission,Mk10,03-Jun-2019,09:20:00,,,,232.0,24.00,,,,
ZcTag087,180757,1.000000,Transmission,Mk10,03-Jun-2019,09:25:00,,,,295.0,46.00,,,,
ZcTag087,180757,1.000000,Transmission,Mk10,03-Jun-2019,09:30:00,,,,379.0,47.50,,,,
ZcTag087,180757,1.000000,Transmission,Mk10,03-Jun-2019,09:35:00,,,,11.0,11.00,,,,
ZcTag087,180757,1.000000,Transmission,Mk10,03-Jun-2019,09:40:00,,,,295.0,46.00,,,,
ZcTag087,180757,1.000000,Transmission,Mk10,03-Jun-2019,09:45:00,,,,379.0,47.50,,,,
ZcTag087,180757,1.000000,Transmission,Mk10,03-Jun-2019,09:50:00,,,,379.0,47.50,,,,
ZcTag087,180757,1.000000,Transmission,Mk10,03-Jun-2019,09:55:00,,,,190.0,24.00,,,,
ZcTag087,180757,1.000000,Transmission,Mk10,03-Jun-2019,10:00:00,,,,11.0,11.00,,,,
ZcTag087,180757,1.000000,Transmission,Mk10,03-Jun-2019,10:05:00,,,,379.0,47.50,,,,
ZcTag087,180757,1.000000,Transmission,Mk10,03-Jun-2019,10:10:00,,,,1011.0,96.50,,,,
ZcTag087,180757,1.000000,Transmission,Mk10,03-Jun-2019,10:15:00,,,,1181.0,100.00,,,,
ZcTag087,180757,1.000000,Transmission,Mk10,03-Jun-2019,10:20:00,,,,1181.0,100.00,,,,
ZcTag087,180757,1.000000,Transmission,Mk10,03-Jun-2019,10:25:00,,,,1181.0,100.00,,,,
ZcTag087,180757,1.000000,Transmission,Mk10,03-Jun-2019,10:30:00,,,,1181.0,100.00,,,,
ZcTag087,180757,1.000000,Transmission,Mk10,03-Jun-2019,10:35:00,,,,1181.0,100.00,,,,
ZcTag087,180757,1.000000,Transmission,Mk10,03-Jun-2019,10:40:00,,,,1011.0,96.50,,,,
ZcTag087,180757,1.000000,Transmission,Mk10,03-Jun-2019,10:45:00,,,,1011.0,96.50,,,,
ZcTag087,180757,1.000000,Transmission,Mk10,03-Jun-2019,10:50:00,,,,1011.0,96.50,,,,
ZcTag087,180757,1.000000,Transmission,Mk10,03-Jun-2019,10:55:00,,,,674.0,92.50,,,,
ZcTag087,180757,1.000000,Transmission,Mk10,03-Jun-2019,11:00:00,,,,548.0,49.00,,,,
ZcTag087,180757,1.000000,Transmission,Mk10,03-Jun-2019,11:05:00,,,,379.0,47.50,,,,
ZcTag087,180757,1.000000,Transmission,Mk10,03-Jun-2019,11:10:00,,,,11.0,11.00,,,,
ZcTag087,180757,1.000000,Transmission,Mk10,03-Jun-2019,11:15:00,,,,295.0,46.00,,,,
ZcTag087,180757,1.000000,Transmission,Mk10,03-Jun-2019,11:20:00,,,,379.0,47.50,,,,
ZcTag087,180757,1.000000,Transmission,Mk10,03-Jun-2019,11:25:00,,,,464.0,48.00,,,,
ZcTag087,180757,1.000000,Transmission,Mk10,03-Jun-2019,11:30:00,,,,52.0,11.50,,,,
ZcTag087,180757,1.000000,Transmission,Mk10,03-Jun-2019,11:35:00,,,,190.0,24.00,,,,
ZcTag087,180757,1.000000,Transmission,Mk10,03-Jun-2019,11:40:00,,,,295.0,46.00,,,,
ZcTag087,180757,1.000000,Transmission,Mk10,03-Jun-2019,11:45:00,,,,295.0,46.00,,,,
ZcTag087,180757,1.000000,Transmission,Mk10,03-Jun-2019,11:50:00,,,,105.0,22.50,,,,
ZcTag087,180757,1.000000,Transmission,Mk10,03-Jun-2019,11:55:00,,,,105.0,22.50,,,,
ZcTag087,180757,1.000000,Transmission,Mk10,03-Jun-2019,16:00:00,,,,81.0,13.50,,,,
ZcTag087,180757,1.000000,Transmission,Mk10,03-Jun-2019,16:05:00,,,,256.0,27.00,,,,
ZcTag087,180757,1.000000,Transmission,Mk10,03-Jun-2019,16:10:00,,,,12.0,12.00,,,,
ZcTag087,180757,1.000000,Transmission,Mk10,03-Jun-2019,16:15:00,,,,12.0,12.00,,,,
ZcTag087,180757,1.000000,Transmission,Mk10,03-Jun-2019,16:20:00,,,,12.0,12.00,,,,
ZcTag087,180757,1.000000,Transmission,Mk10,03-Jun-2019,16:25:00,,,,256.0,27.00,,,,
ZcTag087,180757,1.000000,Transmission,Mk10,03-Jun-2019,16:30:00,,,,325.0,51.50,,,,
ZcTag087,180757,1.000000,Transmission,Mk10,03-Jun-2019,16:35:00,,,,418.0,52.50,,,,
ZcTag087,180757,1.000000,Transmission,Mk10,03-Jun-2019,16:40:00,,,,209.0,26.50,,,,
ZcTag087,180757,1.000000,Transmission,Mk10,03-Jun-2019,16:45:00,,,,12.0,12.00,,,,
ZcTag087,180757,1.000000,Transmission,Mk10,03-Jun-2019,16:50:00,,,,209.0,26.50,,,,
ZcTag087,180757,1.000000,Transmission,Mk10,03-Jun-2019,16:55:00,,,,325.0,51.50,,,,
ZcTag087,180757,1.000000,Transmission,Mk10,03-Jun-2019,17:00:00,,,,325.0,51.50,,,,
ZcTag087,180757,1.000000,Transmission,Mk10,03-Jun-2019,17:05:00,,,,209.0,26.50,,,,
ZcTag087,180757,1.000000,Transmission,Mk10,03-Jun-2019,17:10:00,,,,12.0,12.00,,,,
ZcTag087,180757,1.000000,Transmission,Mk10,03-Jun-2019,17:15:00,,,,256.0,27.00,,,,
ZcTag087,180757,1.000000,Transmission,Mk10,03-Jun-2019,17:20:00,,,,325.0,51.50,,,,
ZcTag087,180757,1.000000,Transmission,Mk10,03-Jun-2019,17:25:00,,,,325.0,51.50,,,,
ZcTag087,180757,1.000000,Transmission,Mk10,03-Jun-2019,17:30:00,,,,163.0,26.00,,,,
ZcTag087,180757,1.000000,Transmission,Mk10,03-Jun-2019,17:35:00,,,,81.0,13.50,,,,
ZcTag087,180757,1.000000,Transmission,Mk10,03-Jun-2019,17:40:00,,,,256.0,27.00,,,,
ZcTag087,180757,1.000000,Transmission,Mk10,03-Jun-2019,17:45:00,,,,325.0,51.50,,,,
ZcTag087,180757,1.000000,Transmission,Mk10,03-Jun-2019,17:50:00,,,,209.0,26.50,,,,
ZcTag087,180757,1.000000,Transmission,Mk10,03-Jun-2019,17:55:00,,,,12.0,12.00,,,,
ZcTag087,180757,1.000000,Transmission,Mk10,03-Jun-2019,18:00:00,,,,325.0,51.50,,,,
ZcTag087,180757,1.000000,Transmission,Mk10,03-Jun-2019,18:05:00,,,,929.0,105.50,,,,
ZcTag087,180757,1.000000,Transmission,Mk10,03-Jun-2019,18:10:00,,,,1300.0,110.50,,,,
ZcTag087,180757,1.000000,Transmission,Mk10,03-Jun-2019,18:15:00,,,,1300.0,110.50,,,,
ZcTag087,180757,1.000000,Transmission,Mk10,03-Jun-2019,18:20:00,,,,1300.0,110.50,,,,
ZcTag087,180757,1.000000,Transmission,Mk10,03-Jun-2019,18:25:00,,,,1300.0,110.50,,,,
ZcTag087,180757,1.000000,Transmission,Mk10,03-Jun-2019,18:30:00,,,,1300.0,110.50,,,,
ZcTag087,180757,1.000000,Transmission,Mk10,03-Jun-2019,18:35:00,,,,1115.0,108.00,,,,
ZcTag087,180757,1.000000,Transmission,Mk10,03-Jun-2019,18:40:00,,,,1115.0,108.00,,,,
ZcTag087,180757,1.000000,Transmission,Mk10,03-Jun-2019,18:45:00,,,,1115.0,108.00,,,,
ZcTag087,180757,1.000000,Transmission,Mk10,03-Jun-2019,18:50:00,,,,929.0,105.50,,,,
ZcTag087,180757,1.000000,Transmission,Mk10,03-Jun-2019,18:55:00,,,,604.0,55.00,,,,
ZcTag087,180757,1.000000,Transmission,Mk10,03-Jun-2019,19:00:00,,,,325.0,51.50,,,,
ZcTag087,180757,1.000000,Transmission,Mk10,03-Jun-2019,19:05:00,,,,12.0,12.00,,,,
ZcTag087,180757,1.000000,Transmission,Mk10,03-Jun-2019,19:10:00,,,,256.0,27.00,,,,
ZcTag087,180757,1.000000,Transmission,Mk10,03-Jun-2019,19:15:00,,,,325.0,51.50,,,,
ZcTag087,180757,1.000000,Transmission,Mk10,03-Jun-2019,19:20:00,,,,256.0,27.00,,,,
ZcTag087,180757,1.000000,Transmission,Mk10,03-Jun-2019,19:25:00,,,,12.0,12.00,,,,
ZcTag087,180757,1.000000,Transmission,Mk10,03-Jun-2019,19:30:00,,,,256.0,27.00,,,,
ZcTag087,180757,1.000000,Transmission,Mk10,03-Jun-2019,19:35:00,,,,325.0,51.50,,,,
ZcTag087,180757,1.000000,Transmission,Mk10,03-Jun-2019,19:40:00,,,,325.0,51.50,,,,
ZcTag087,180757,1.000000,Transmission,Mk10,03-Jun-2019,19:45:00,,,,163.0,26.00,,,,
ZcTag087,180757,1.000000,Transmission,Mk10,03-Jun-2019,19:50:00,,,,12.0,12.00,,,,
ZcTag087,180757,1.000000,Transmission,Mk10,03-Jun-2019,19:55:00,,,,256.0,27.00,,,,
ZcTag087,180757,1.000000,Transmission,Mk10,03-Jun-2019,20:00:00,,,,325.0,51.50,,,,
ZcTag087,180757,1.000000,Transmission,Mk10,03-Jun-2019,20:05:00,,,,325.0,51.50,,,,
ZcTag087,180757,1.000000,Transmission,Mk10,03-Jun-2019,20:10:00,,,,163.0,26.00,,,,
ZcTag087,180757,1.000000,Transmission,Mk10,03-Jun-2019,20:15:00,,,,163.0,26.00,,,,
ZcTag087,180757,1.000000,Transmission,Mk10,03-Jun-2019,20:20:00,,,,256.0,27.00,,,,
ZcTag087,180757,1.000000,Transmission,Mk10,03-Jun-2019,20:25:00,,,,12.0,12.00,,,,
ZcTag087,180757,1.000000,Transmission,Mk10,03-Jun-2019,20:30:00,,,,256.0,27.00,,,,
ZcTag087,180757,1.000000,Transmission,Mk10,03-Jun-2019,20:35:00,,,,12.0,12.00,,,,
ZcTag087,180757,1.000000,Transmission,Mk10,03-Jun-2019,20:40:00,,,,256.0,27.00,,,,
ZcTag087,180757,1.000000,Transmission,Mk10,03-Jun-2019,20:45:00,,,,744.0,103.00,,,,
ZcTag087,180757,1.000000,Transmission,Mk10,03-Jun-2019,20:50:00,,,,1300.0,110.50,,,,
ZcTag087,180757,1.000000,Transmission,Mk10,03-Jun-2019,20:55:00,,,,1300.0,110.50,,,,
ZcTag087,180757,1.000000,Transmission,Mk10,03-Jun-2019,21:00:00,,,,1300.0,110.50,,,,
ZcTag087,180757,1.000000,Transmission,Mk10,03-Jun-2019,21:05:00,,,,1300.0,110.50,,,,
ZcTag087,180757,1.000000,Transmission,Mk10,03-Jun-2019,21:10:00,,,,1115.0,108.00,,,,
ZcTag087,180757,1.000000,Transmission,Mk10,03-Jun-2019,21:15:00,,,,1115.0,108.00,,,,
ZcTag087,180757,1.000000,Transmission,Mk10,03-Jun-2019,21:20:00,,,,929.0,105.50,,,,
ZcTag087,180757,1.000000,Transmission,Mk10,03-Jun-2019,21:25:00,,,,929.0,105.50,,,,
ZcTag087,180757,1.000000,Transmission,Mk10,03-Jun-2019,21:30:00,,,,929.0,105.50,,,,
ZcTag087,180757,1.000000,Transmission,Mk10,03-Jun-2019,21:35:00,,,,744.0,103.00,,,,
ZcTag087,180757,1.000000,Transmission,Mk10,03-Jun-2019,21:40:00,,,,604.0,55.00,,,,
ZcTag087,180757,1.000000,Transmission,Mk10,03-Jun-2019,21:45:00,,,,511.0,53.50,,,,
ZcTag087,180757,1.000000,Transmission,Mk10,03-Jun-2019,21:50:00,,,,12.0,12.00,,,,
ZcTag087,180757,1.000000,Transmission,Mk10,03-Jun-2019,21:55:00,,,,12.0,12.00,,,,
ZcTag087,180757,1.000000,Transmission,Mk10,03-Jun-2019,22:00:00,,,,325.0,51.50,,,,
ZcTag087,180757,1.000000,Transmission,Mk10,03-Jun-2019,22:05:00,,,,418.0,52.50,,,,
ZcTag087,180757,1.000000,Transmission,Mk10,03-Jun-2019,22:10:00,,,,325.0,51.50,,,,
ZcTag087,180757,1.000000,Transmission,Mk10,03-Jun-2019,22:15:00,,,,12.0,12.00,,,,
ZcTag087,180757,1.000000,Transmission,Mk10,03-Jun-2019,22:20:00,,,,209.0,26.50,,,,
ZcTag087,180757,1.000000,Transmission,Mk10,03-Jun-2019,22:25:00,,,,325.0,51.50,,,,
ZcTag087,180757,1.000000,Transmission,Mk10,03-Jun-2019,22:30:00,,,,418.0,52.50,,,,
ZcTag087,180757,1.000000,Transmission,Mk10,03-Jun-2019,22:35:00,,,,256.0,27.00,,,,
ZcTag087,180757,1.000000,Transmission,Mk10,03-Jun-2019,22:40:00,,,,256.0,27.00,,,,
ZcTag087,180757,1.000000,Transmission,Mk10,03-Jun-2019,22:45:00,,,,12.0,12.00,,,,
ZcTag087,180757,1.000000,Transmission,Mk10,03-Jun-2019,22:50:00,,,,209.0,26.50,,,,
ZcTag087,180757,1.000000,Transmission,Mk10,03-Jun-2019,22:55:00,,,,325.0,51.50,,,,
ZcTag087,180757,1.000000,Transmission,Mk10,03-Jun-2019,23:00:00,,,,325.0,51.50,,,,
ZcTag087,180757,1.000000,Transmission,Mk10,03-Jun-2019,23:05:00,,,,58.0,13.00,,,,
ZcTag087,180757,1.000000,Transmission,Mk10,03-Jun-2019,23:10:00,,,,12.0,12.00,,,,
ZcTag087,180757,1.000000,Transmission,Mk10,03-Jun-2019,23:15:00,,,,116.0,25.50,,,,
ZcTag087,180757,1.000000,Transmission,Mk10,03-Jun-2019,23:20:00,,,,325.0,51.50,,,,
ZcTag087,180757,1.000000,Transmission,Mk10,03-Jun-2019,23:25:00,,,,12.0,12.00,,,,
ZcTag087,180757,1.000000,Transmission,Mk10,03-Jun-2019,23:30:00,,,,163.0,26.00,,,,
ZcTag087,180757,1.000000,Transmission,Mk10,03-Jun-2019,23:35:00,,,,744.0,103.00,,,,
ZcTag087,180757,1.000000,Transmission,Mk10,03-Jun-2019,23:40:00,,,,511.0,53.50,,,,
ZcTag087,180757,1.000000,Transmission,Mk10,03-Jun-2019,23:45:00,,,,12.0,12.00,,,,
ZcTag087,180757,1.000000,Transmission,Mk10,03-Jun-2019,23:50:00,,,,604.0,55.00,,,,
ZcTag087,180757,1.000000,Transmission,Mk10,03-Jun-2019,23:55:00,,,,1115.0,108.00,,,,
ZcTag087,180757,1.000000,Transmission,Mk10,04-Jun-2019,04:00:00,,,,843.0,95.00,,,,
ZcTag087,180757,1.000000,Transmission,Mk10,04-Jun-2019,04:05:00,,,,674.0,92.50,,,,
ZcTag087,180757,1.000000,Transmission,Mk10,04-Jun-2019,04:10:00,,,,674.0,92.50,,,,
ZcTag087,180757,1.000000,Transmission,Mk10,04-Jun-2019,04:15:00,,,,843.0,95.00,,,,
ZcTag087,180757,1.000000,Transmission,Mk10,04-Jun-2019,04:20:00,,,,843.0,95.00,,,,
ZcTag087,180757,1.000000,Transmission,Mk10,04-Jun-2019,04:25:00,,,,843.0,95.00,,,,
ZcTag087,180757,1.000000,Transmission,Mk10,04-Jun-2019,04:30:00,,,,843.0,95.00,,,,
ZcTag087,180757,1.000000,Transmission,Mk10,04-Jun-2019,04:35:00,,,,548.0,49.00,,,,
ZcTag087,180757,1.000000,Transmission,Mk10,04-Jun-2019,04:40:00,,,,190.0,24.00,,,,
ZcTag087,180757,1.000000,Transmission,Mk10,04-Jun-2019,04:45:00,,,,11.0,11.00,,,,
ZcTag087,180757,1.000000,Transmission,Mk10,04-Jun-2019,04:50:00,,,,190.0,24.00,,,,
ZcTag087,180757,1.000000,Transmission,Mk10,04-Jun-2019,04:55:00,,,,232.0,24.00,,,,
ZcTag087,180757,1.000000,Transmission,Mk10,04-Jun-2019,05:00:00,,,,74.0,12.00,,,,
ZcTag087,180757,1.000000,Transmission,Mk10,04-Jun-2019,05:05:00,,,,74.0,12.00,,,,
ZcTag087,180757,1.000000,Transmission,Mk10,04-Jun-2019,05:10:00,,,,190.0,24.00,,,,
ZcTag087,180757,1.000000,Transmission,Mk10,04-Jun-2019,05:15:00,,,,190.0,24.00,,,,
ZcTag087,180757,1.000000,Transmission,Mk10,04-Jun-2019,05:20:00,,,,52.0,11.50,,,,
ZcTag087,180757,1.000000,Transmission,Mk10,04-Jun-2019,05:25:00,,,,105.0,22.50,,,,
ZcTag087,180757,1.000000,Transmission,Mk10,04-Jun-2019,05:30:00,,,,190.0,24.00,,,,
ZcTag087,180757,1.000000,Transmission,Mk10,04-Jun-2019,05:35:00,,,,74.0,12.00,,,,
ZcTag087,180757,1.000000,Transmission,Mk10,04-Jun-2019,05:40:00,,,,11.0,11.00,,,,
ZcTag087,180757,1.000000,Transmission,Mk10,04-Jun-2019,05:45:00,,,,548.0,49.00,,,,
ZcTag087,180757,1.000000,Transmission,Mk10,04-Jun-2019,05:50:00,,,,548.0,49.00,,,,
ZcTag087,180757,1.000000,Transmission,Mk10,04-Jun-2019,05:55:00,,,,190.0,24.00,,,,
ZcTag087,180757,1.000000,Transmission,Mk10,04-Jun-2019,06:00:00,,,,190.0,24.00,,,,
ZcTag087,180757,1.000000,Transmission,Mk10,04-Jun-2019,06:05:00,,,,843.0,95.00,,,,
ZcTag087,180757,1.000000,Transmission,Mk10,04-Jun-2019,06:10:00,,,,1011.0,96.50,,,,
ZcTag087,180757,1.000000,Transmission,Mk10,04-Jun-2019,06:15:00,,,,843.0,95.00,,,,
ZcTag087,180757,1.000000,Transmission,Mk10,04-Jun-2019,06:20:00,,,,843.0,95.00,,,,
ZcTag087,180757,1.000000,Transmission,Mk10,04-Jun-2019,06:25:00,,,,674.0,92.50,,,,
ZcTag087,180757,1.000000,Transmission,Mk10,04-Jun-2019,06:30:00,,,,295.0,46.00,,,,
ZcTag087,180757,1.000000,Transmission,Mk10,04-Jun-2019,06:35:00,,,,11.0,11.00,,,,
ZcTag087,180757,1.000000,Transmission,Mk10,04-Jun-2019,06:40:00,,,,11.0,11.00,,,,
ZcTag087,180757,1.000000,Transmission,Mk10,04-Jun-2019,06:45:00,,,,105.0,22.50,,,,
ZcTag087,180757,1.000000,Transmission,Mk10,04-Jun-2019,06:50:00,,,,295.0,46.00,,,,
ZcTag087,180757,1.000000,Transmission,Mk10,04-Jun-2019,06:55:00,,,,147.0,23.50,,,,
ZcTag087,180757,1.000000,Transmission,Mk10,04-Jun-2019,07:00:00,,,,11.0,11.00,,,,
ZcTag087,180757,1.000000,Transmission,Mk10,04-Jun-2019,07:05:00,,,,295.0,46.00,,,,
ZcTag087,180757,1.000000,Transmission,Mk10,04-Jun-2019,07:10:00,,,,843.0,95.00,,,,
ZcTag087,180757,1.000000,Transmission,Mk10,04-Jun-2019,07:15:00,,,,843.0,95.00,,,,
ZcTag087,180757,1.000000,Transmission,Mk10,04-Jun-2019,07:20:00,,,,843.0,95.00,,,,
ZcTag087,180757,1.000000,Transmission,Mk10,04-Jun-2019,07:25:00,,,,843.0,95.00,,,,
ZcTag087,180757,1.000000,Transmission,Mk10,04-Jun-2019,07:30:00,,,,843.0,95.00,,,,
ZcTag087,180757,1.000000,Transmission,Mk10,04-Jun-2019,07:35:00,,,,1011.0,96.50,,,,
ZcTag087,180757,1.000000,Transmission,Mk10,04-Jun-2019,07:40:00,,,,1181.0,100.00,,,,
ZcTag087,180757,1.000000,Transmission,Mk10,04-Jun-2019,07:45:00,,,,843.0,95.00,,,,
ZcTag087,180757,1.000000,Transmission,Mk10,04-Jun-2019,07:50:00,,,,674.0,92.50,,,,
ZcTag087,180757,1.000000,Transmission,Mk10,04-Jun-2019,07:55:00,,,,232.0,24.00,,,,
ZcTag087,180757,1.000000,Transmission,Mk10,04-Jun-2019,08:00:00,,,,8.0,8.00,,,,
ZcTag087,180757,1.000000,Transmission,Mk10,04-Jun-2019,08:05:00,,,,274.0,33.00,,,,
ZcTag087,180757,1.000000,Transmission,Mk10,04-Jun-2019,08:10:00,,,,335.0,33.00,,,,
ZcTag087,180757,1.000000,Transmission,Mk10,04-Jun-2019,08:15:00,,,,395.0,33.50,,,,
ZcTag087,180757,1.000000,Transmission,Mk10,04-Jun-2019,08:20:00,,,,274.0,33.00,,,,
ZcTag087,180757,1.000000,Transmission,Mk10,04-Jun-2019,08:25:00,,,,8.0,8.00,,,,
ZcTag087,180757,1.000000,Transmission,Mk10,04-Jun-2019,08:30:00,,,,213.0,32.00,,,,
ZcTag087,180757,1.000000,Transmission,Mk10,04-Jun-2019,08:35:00,,,,395.0,33.50,,,,
ZcTag087,180757,1.000000,Transmission,Mk10,04-Jun-2019,08:40:00,,,,395.0,33.50,,,,
ZcTag087,180757,1.000000,Transmission,Mk10,04-Jun-2019,08:45:00,,,,167.0,16.50,,,,
ZcTag087,180757,1.000000,Transmission,Mk10,04-Jun-2019,08:50:00,,,,53.0,8.50,,,,
ZcTag087,180757,1.000000,Transmission,Mk10,04-Jun-2019,08:55:00,,,,213.0,32.00,,,,
ZcTag087,180757,1.000000,Transmission,Mk10,04-Jun-2019,09:00:00,,,,274.0,33.00,,,,
ZcTag087,180757,1.000000,Transmission,Mk10,04-Jun-2019,09:05:00,,,,106.0,16.50,,,,
ZcTag087,180757,1.000000,Transmission,Mk10,04-Jun-2019,09:10:00,,,,23.0,8.00,,,,
ZcTag087,180757,1.000000,Transmission,Mk10,04-Jun-2019,09:15:00,,,,486.0,64.50,,,,
ZcTag087,180757,1.000000,Transmission,Mk10,04-Jun-2019,09:20:00,,,,730.0,66.00,,,,
ZcTag087,180757,1.000000,Transmission,Mk10,04-Jun-2019,09:25:00,,,,853.0,68.00,,,,
ZcTag087,180757,1.000000,Transmission,Mk10,04-Jun-2019,09:30:00,,,,853.0,68.00,,,,
ZcTag087,180757,1.000000,Transmission,Mk10,04-Jun-2019,09:35:00,,,,853.0,68.00,,,,
ZcTag087,180757,1.000000,Transmission,Mk10,04-Jun-2019,09:40:00,,,,853.0,68.00,,,,
ZcTag087,180757,1.000000,Transmission,Mk10,04-Jun-2019,09:45:00,,,,730.0,66.00,,,,
ZcTag087,180757,1.000000,Transmission,Mk10,04-Jun-2019,09:50:00,,,,730.0,66.00,,,,
ZcTag087,180757,1.000000,Transmission,Mk10,04-Jun-2019,09:55:00,,,,730.0,66.00,,,,
ZcTag087,180757,1.000000,Transmission,Mk10,04-Jun-2019,10:00:00,,,,608.0,65.50,,,,
ZcTag087,180757,1.000000,Transmission,Mk10,04-Jun-2019,10:05:00,,,,395.0,33.50,,,,
ZcTag087,180757,1.000000,Transmission,Mk10,04-Jun-2019,10:10:00,,,,8.0,8.00,,,,
ZcTag087,180757,1.000000,Transmission,Mk10,04-Jun-2019,10:15:00,,,,274.0,33.00,,,,
ZcTag087,180757,1.000000,Transmission,Mk10,04-Jun-2019,10:20:00,,,,395.0,33.50,,,,
ZcTag087,180757,1.000000,Transmission,Mk10,04-Jun-2019,10:25:00,,,,486.0,64.50,,,,
ZcTag087,180757,1.000000,Transmission,Mk10,04-Jun-2019,10:30:00,,,,274.0,33.00,,,,
ZcTag087,180757,1.000000,Transmission,Mk10,04-Jun-2019,10:35:00,,,,213.0,32.00,,,,
ZcTag087,180757,1.000000,Transmission,Mk10,04-Jun-2019,10:40:00,,,,8.0,8.00,,,,
ZcTag087,180757,1.000000,Transmission,Mk10,04-Jun-2019,10:45:00,,,,213.0,32.00,,,,
ZcTag087,180757,1.000000,Transmission,Mk10,04-Jun-2019,10:50:00,,,,274.0,33.00,,,,
ZcTag087,180757,1.000000,Transmission,Mk10,04-Jun-2019,10:55:00,,,,335.0,33.00,,,,
ZcTag087,180757,1.000000,Transmission,Mk10,04-Jun-2019,11:00:00,,,,167.0,16.50,,,,
ZcTag087,180757,1.000000,Transmission,Mk10,04-Jun-2019,11:05:00,,,,106.0,16.50,,,,
ZcTag087,180757,1.000000,Transmission,Mk10,04-Jun-2019,11:10:00,,,,335.0,33.00,,,,
ZcTag087,180757,1.000000,Transmission,Mk10,04-Jun-2019,11:15:00,,,,486.0,64.50,,,,
ZcTag087,180757,1.000000,Transmission,Mk10,04-Jun-2019,11:20:00,,,,486.0,64.50,,,,
ZcTag087,180757,1.000000,Transmission,Mk10,04-Jun-2019,11:25:00,,,,395.0,33.50,,,,
ZcTag087,180757,1.000000,Transmission,Mk10,04-Jun-2019,11:30:00,,,,8.0,8.00,,,,
ZcTag087,180757,1.000000,Transmission,Mk10,04-Jun-2019,11:35:00,,,,213.0,32.00,,,,
ZcTag087,180757,1.000000,Transmission,Mk10,04-Jun-2019,11:40:00,,,,335.0,33.00,,,,
ZcTag087,180757,1.000000,Transmission,Mk10,04-Jun-2019,11:45:00,,,,486.0,64.50,,,,
ZcTag087,180757,1.000000,Transmission,Mk10,04-Jun-2019,11:50:00,,,,395.0,33.50,,,,
ZcTag087,180757,1.000000,Transmission,Mk10,04-Jun-2019,11:55:00,,,,8.0,8.00,,,,
ZcTag087,180757,1.000000,Transmission,Mk10,04-Jun-2019,12:00:00,,,,310.0,48.50,,,,
ZcTag087,180757,1.000000,Transmission,Mk10,04-Jun-2019,12:05:00,,,,155.0,24.50,,,,
ZcTag087,180757,1.000000,Transmission,Mk10,04-Jun-2019,12:10:00,,,,111.0,24.00,,,,
ZcTag087,180757,1.000000,Transmission,Mk10,04-Jun-2019,12:15:00,,,,244.0,25.00,,,,
ZcTag087,180757,1.000000,Transmission,Mk10,04-Jun-2019,12:20:00,,,,310.0,48.50,,,,
ZcTag087,180757,1.000000,Transmission,Mk10,04-Jun-2019,12:25:00,,,,399.0,49.50,,,,
ZcTag087,180757,1.000000,Transmission,Mk10,04-Jun-2019,12:30:00,,,,200.0,25.00,,,,
ZcTag087,180757,1.000000,Transmission,Mk10,04-Jun-2019,12:35:00,,,,11.0,11.50,,,,
ZcTag087,180757,1.000000,Transmission,Mk10,04-Jun-2019,12:40:00,,,,200.0,25.00,,,,
ZcTag087,180757,1.000000,Transmission,Mk10,04-Jun-2019,12:45:00,,,,11.0,11.50,,,,
ZcTag087,180757,1.000000,Transmission,Mk10,04-Jun-2019,12:50:00,,,,488.0,50.00,,,,
ZcTag087,180757,1.000000,Transmission,Mk10,04-Jun-2019,12:55:00,,,,887.0,99.00,,,,
ZcTag087,180757,1.000000,Transmission,Mk10,04-Jun-2019,13:00:00,,,,1241.0,103.50,,,,
ZcTag087,180757,1.000000,Transmission,Mk10,04-Jun-2019,13:05:00,,,,1241.0,103.50,,,,
ZcTag087,180757,1.000000,Transmission,Mk10,04-Jun-2019,13:10:00,,,,1064.0,101.00,,,,
ZcTag087,180757,1.000000,Transmission,Mk10,04-Jun-2019,13:15:00,,,,1064.0,101.00,,,,
ZcTag087,180757,1.000000,Transmission,Mk10,04-Jun-2019,13:20:00,,,,1064.0,101.00,,,,
ZcTag087,180757,1.000000,Transmission,Mk10,04-Jun-2019,13:25:00,,,,1064.0,101.00,,,,
ZcTag087,180757,1.000000,Transmission,Mk10,04-Jun-2019,13:30:00,,,,887.0,99.00,,,,
ZcTag087,180757,1.000000,Transmission,Mk10,04-Jun-2019,13:35:00,,,,488.0,50.00,,,,
ZcTag087,180757,1.000000,Transmission,Mk10,04-Jun-2019,13:40:00,,,,200.0,25.00,,,,
ZcTag087,180757,1.000000,Transmission,Mk10,04-Jun-2019,13:45:00,,,,55.0,12.50,,,,
ZcTag087,180757,1.000000,Transmission,Mk10,04-Jun-2019,13:50:00,,,,310.0,48.50,,,,
ZcTag087,180757,1.000000,Transmission,Mk10,04-Jun-2019,13:55:00,,,,310.0,48.50,,,,
ZcTag087,180757,1.000000,Transmission,Mk10,04-Jun-2019,14:00:00,,,,310.0,48.50,,,,
ZcTag087,180757,1.000000,Transmission,Mk10,04-Jun-2019,14:05:00,,,,200.0,25.00,,,,
ZcTag087,180757,1.000000,Transmission,Mk10,04-Jun-2019,14:10:00,,,,33.0,12.00,,,,
ZcTag087,180757,1.000000,Transmission,Mk10,04-Jun-2019,14:15:00,,,,244.0,25.00,,,,
ZcTag087,180757,1.000000,Transmission,Mk10,04-Jun-2019,14:20:00,,,,310.0,48.50,,,,
ZcTag087,180757,1.000000,Transmission,Mk10,04-Jun-2019,14:25:00,,,,399.0,49.50,,,,
ZcTag087,180757,1.000000,Transmission,Mk10,04-Jun-2019,14:30:00,,,,200.0,25.00,,,,
ZcTag087,180757,1.000000,Transmission,Mk10,04-Jun-2019,14:35:00,,,,55.0,12.50,,,,
ZcTag087,180757,1.000000,Transmission,Mk10,04-Jun-2019,14:40:00,,,,244.0,25.00,,,,
ZcTag087,180757,1.000000,Transmission,Mk10,04-Jun-2019,14:45:00,,,,310.0,48.50,,,,
ZcTag087,180757,1.000000,Transmission,Mk10,04-Jun-2019,14:50:00,,,,399.0,49.50,,,,
ZcTag087,180757,1.000000,Transmission,Mk10,04-Jun-2019,14:55:00,,,,310.0,48.50,,,,
ZcTag087,180757,1.000000,Transmission,Mk10,04-Jun-2019,15:00:00,,,,310.0,48.50,,,,
ZcTag087,180757,1.000000,Transmission,Mk10,04-Jun-2019,15:05:00,,,,11.0,11.50,,,,
ZcTag087,180757,1.000000,Transmission,Mk10,04-Jun-2019,15:10:00,,,,244.0,25.00,,,,
ZcTag087,180757,1.000000,Transmission,Mk10,04-Jun-2019,15:15:00,,,,310.0,48.50,,,,
ZcTag087,180757,1.000000,Transmission,Mk10,04-Jun-2019,15:20:00,,,,310.0,48.50,,,,
ZcTag087,180757,1.000000,Transmission,Mk10,04-Jun-2019,15:25:00,,,,310.0,48.50,,,,
ZcTag087,180757,1.000000,Transmission,Mk10,04-Jun-2019,15:30:00,,,,33.0,12.00,,,,
ZcTag087,180757,1.000000,Transmission,Mk10,04-Jun-2019,15:35:00,,,,155.0,24.50,,,,
ZcTag087,180757,1.000000,Transmission,Mk10,04-Jun-2019,15:40:00,,,,244.0,25.00,,,,
ZcTag087,180757,1.000000,Transmission,Mk10,04-Jun-2019,15:45:00,,,,310.0,48.50,,,,
ZcTag087,180757,1.000000,Transmission,Mk10,04-Jun-2019,15:50:00,,,,310.0,48.50,,,,
ZcTag087,180757,1.000000,Transmission,Mk10,04-Jun-2019,15:55:00,,,,111.0,24.00,,,,
ZcTag087,180757,1.000000,Transmission,Mk10,04-Jun-2019,16:00:00,,,,140.0,22.50,,,,
ZcTag087,180757,1.000000,Transmission,Mk10,04-Jun-2019,16:05:00,,,,280.0,44.50,,,,
ZcTag087,180757,1.000000,Transmission,Mk10,04-Jun-2019,16:10:00,,,,361.0,46.00,,,,
ZcTag087,180757,1.000000,Transmission,Mk10,04-Jun-2019,16:15:00,,,,641.0,90.00,,,,
ZcTag087,180757,1.000000,Transmission,Mk10,04-Jun-2019,16:20:00,,,,441.0,47.00,,,,
ZcTag087,180757,1.000000,Transmission,Mk10,04-Jun-2019,16:25:00,,,,220.0,23.50,,,,
ZcTag087,180757,1.000000,Transmission,Mk10,04-Jun-2019,16:30:00,,,,70.0,11.50,,,,
ZcTag087,180757,1.000000,Transmission,Mk10,04-Jun-2019,16:35:00,,,,280.0,44.50,,,,
ZcTag087,180757,1.000000,Transmission,Mk10,04-Jun-2019,16:40:00,,,,361.0,46.00,,,,
ZcTag087,180757,1.000000,Transmission,Mk10,04-Jun-2019,16:45:00,,,,361.0,46.00,,,,
ZcTag087,180757,1.000000,Transmission,Mk10,04-Jun-2019,16:50:00,,,,441.0,47.00,,,,
ZcTag087,180757,1.000000,Transmission,Mk10,04-Jun-2019,16:55:00,,,,180.0,23.50,,,,
ZcTag087,180757,1.000000,Transmission,Mk10,04-Jun-2019,17:00:00,,,,50.0,11.00,,,,
ZcTag087,180757,1.000000,Transmission,Mk10,04-Jun-2019,17:05:00,,,,280.0,44.50,,,,
ZcTag087,180757,1.000000,Transmission,Mk10,04-Jun-2019,17:10:00,,,,361.0,46.00,,,,
ZcTag087,180757,1.000000,Transmission,Mk10,04-Jun-2019,17:15:00,,,,361.0,46.00,,,,
ZcTag087,180757,1.000000,Transmission,Mk10,04-Jun-2019,17:20:00,,,,441.0,47.00,,,,
ZcTag087,180757,1.000000,Transmission,Mk10,04-Jun-2019,17:25:00,,,,441.0,47.00,,,,
ZcTag087,180757,1.000000,Transmission,Mk10,04-Jun-2019,17:30:00,,,,70.0,11.50,,,,
ZcTag087,180757,1.000000,Transmission,Mk10,04-Jun-2019,17:35:00,,,,140.0,22.50,,,,
ZcTag087,180757,1.000000,Transmission,Mk10,04-Jun-2019,17:40:00,,,,280.0,44.50,,,,
ZcTag087,180757,1.000000,Transmission,Mk10,04-Jun-2019,17:45:00,,,,361.0,46.00,,,,
ZcTag087,180757,1.000000,Transmission,Mk10,04-Jun-2019,17:50:00,,,,441.0,47.00,,,,
ZcTag087,180757,1.000000,Transmission,Mk10,04-Jun-2019,17:55:00,,,,441.0,47.00,,,,
ZcTag087,180757,1.000000,Transmission,Mk10,04-Jun-2019,18:00:00,,,,100.0,22.00,,,,
ZcTag087,180757,1.000000,Transmission,Mk10,04-Jun-2019,18:05:00,,,,140.0,22.50,,,,
ZcTag087,180757,1.000000,Transmission,Mk10,04-Jun-2019,18:10:00,,,,10.0,10.50,,,,
ZcTag087,180757,1.000000,Transmission,Mk10,04-Jun-2019,18:15:00,,,,441.0,47.00,,,,
ZcTag087,180757,1.000000,Transmission,Mk10,04-Jun-2019,18:20:00,,,,961.0,95.00,,,,
ZcTag087,180757,1.000000,Transmission,Mk10,04-Jun-2019,18:25:00,,,,1121.0,97.50,,,,
ZcTag087,180757,1.000000,Transmission,Mk10,04-Jun-2019,18:30:00,,,,1121.0,97.50,,,,
ZcTag087,180757,1.000000,Transmission,Mk10,04-Jun-2019,18:35:00,,,,1121.0,97.50,,,,
ZcTag087,180757,1.000000,Transmission,Mk10,04-Jun-2019,18:40:00,,,,961.0,95.00,,,,
ZcTag087,180757,1.000000,Transmission,Mk10,04-Jun-2019,18:45:00,,,,961.0,95.00,,,,
ZcTag087,180757,1.000000,Transmission,Mk10,04-Jun-2019,18:50:00,,,,1121.0,97.50,,,,
ZcTag087,180757,1.000000,Transmission,Mk10,04-Jun-2019,18:55:00,,,,801.0,92.50,,,,
ZcTag087,180757,1.000000,Transmission,Mk10,04-Jun-2019,19:00:00,,,,641.0,90.00,,,,
ZcTag087,180757,1.000000,Transmission,Mk10,04-Jun-2019,19:05:00,,,,641.0,90.00,,,,
ZcTag087,180757,1.000000,Transmission,Mk10,04-Jun-2019,19:10:00,,,,441.0,47.00,,,,
ZcTag087,180757,1.000000,Transmission,Mk10,04-Jun-2019,19:15:00,,,,140.0,22.50,,,,
ZcTag087,180757,1.000000,Transmission,Mk10,04-Jun-2019,19:20:00,,,,100.0,22.00,,,,
ZcTag087,180757,1.000000,Transmission,Mk10,04-Jun-2019,19:25:00,,,,361.0,46.00,,,,
ZcTag087,180757,1.000000,Transmission,Mk10,04-Jun-2019,19:30:00,,,,441.0,47.00,,,,
ZcTag087,180757,1.000000,Transmission,Mk10,04-Jun-2019,19:35:00,,,,441.0,47.00,,,,
ZcTag087,180757,1.000000,Transmission,Mk10,04-Jun-2019,19:40:00,,,,70.0,11.50,,,,
ZcTag087,180757,1.000000,Transmission,Mk10,04-Jun-2019,19:45:00,,,,100.0,22.00,,,,
ZcTag087,180757,1.000000,Transmission,Mk10,04-Jun-2019,19:50:00,,,,361.0,46.00,,,,
ZcTag087,180757,1.000000,Transmission,Mk10,04-Jun-2019,19:55:00,,,,441.0,47.00,,,,
ZcTag087,180757,1.000000,Transmission,Mk10,04-Jun-2019,20:00:00,,,,395.0,33.50,,,,
ZcTag087,180757,1.000000,Transmission,Mk10,04-Jun-2019,20:05:00,,,,213.0,32.00,,,,
ZcTag087,180757,1.000000,Transmission,Mk10,04-Jun-2019,20:10:00,,,,8.0,8.00,,,,
ZcTag087,180757,1.000000,Transmission,Mk10,04-Jun-2019,20:15:00,,,,335.0,33.00,,,,
ZcTag087,180757,1.000000,Transmission,Mk10,04-Jun-2019,20:20:00,,,,486.0,64.50,,,,
ZcTag087,180757,1.000000,Transmission,Mk10,04-Jun-2019,20:25:00,,,,486.0,64.50,,,,
ZcTag087,180757,1.000000,Transmission,Mk10,04-Jun-2019,20:30:00,,,,274.0,33.00,,,,
ZcTag087,180757,1.000000,Transmission,Mk10,04-Jun-2019,20:35:00,,,,76.0,16.00,,,,
ZcTag087,180757,1.000000,Transmission,Mk10,04-Jun-2019,20:40:00,,,,137.0,17.00,,,,
ZcTag087,180757,1.000000,Transmission,Mk10,04-Jun-2019,20:45:00,,,,274.0,33.00,,,,
ZcTag087,180757,1.000000,Transmission,Mk10,04-Jun-2019,20:50:00,,,,395.0,33.50,,,,
ZcTag087,180757,1.000000,Transmission,Mk10,04-Jun-2019,20:55:00,,,,335.0,33.00,,,,
ZcTag087,180757,1.000000,Transmission,Mk10,04-Jun-2019,21:00:00,,,,38.0,8.00,,,,
ZcTag087,180757,1.000000,Transmission,Mk10,04-Jun-2019,21:05:00,,,,137.0,17.00,,,,
ZcTag087,180757,1.000000,Transmission,Mk10,04-Jun-2019,21:10:00,,,,730.0,66.00,,,,
ZcTag087,180757,1.000000,Transmission,Mk10,04-Jun-2019,21:15:00,,,,730.0,66.00,,,,
ZcTag087,180757,1.000000,Transmission,Mk10,04-Jun-2019,21:20:00,,,,730.0,66.00,,,,
ZcTag087,180757,1.000000,Transmission,Mk10,04-Jun-2019,21:25:00,,,,853.0,68.00,,,,
ZcTag087,180757,1.000000,Transmission,Mk10,04-Jun-2019,21:30:00,,,,853.0,68.00,,,,
ZcTag087,180757,1.000000,Transmission,Mk10,04-Jun-2019,21:35:00,,,,730.0,66.00,,,,
ZcTag087,180757,1.000000,Transmission,Mk10,04-Jun-2019,21:40:00,,,,486.0,64.50,,,,
ZcTag087,180757,1.000000,Transmission,Mk10,04-Jun-2019,21:45:00,,,,335.0,33.00,,,,
ZcTag087,180757,1.000000,Transmission,Mk10,04-Jun-2019,21:50:00,,,,167.0,16.50,,,,
ZcTag087,180757,1.000000,Transmission,Mk10,04-Jun-2019,21:55:00,,,,8.0,8.00,,,,
ZcTag087,180757,1.000000,Transmission,Mk10,04-Jun-2019,22:00:00,,,,213.0,32.00,,,,
ZcTag087,180757,1.000000,Transmission,Mk10,04-Jun-2019,22:05:00,,,,274.0,33.00,,,,
ZcTag087,180757,1.000000,Transmission,Mk10,04-Jun-2019,22:10:00,,,,213.0,32.00,,,,
ZcTag087,180757,1.000000,Transmission,Mk10,04-Jun-2019,22:15:00,,,,213.0,32.00,,,,
ZcTag087,180757,1.000000,Transmission,Mk10,04-Jun-2019,22:20:00,,,,8.0,8.00,,,,
ZcTag087,180757,1.000000,Transmission,Mk10,04-Jun-2019,22:25:00,,,,213.0,32.00,,,,
ZcTag087,180757,1.000000,Transmission,Mk10,04-Jun-2019,22:30:00,,,,274.0,33.00,,,,
ZcTag087,180757,1.000000,Transmission,Mk10,04-Jun-2019,22:35:00,,,,274.0,33.00,,,,
ZcTag087,180757,1.000000,Transmission,Mk10,04-Jun-2019,22:40:00,,,,137.0,17.00,,,,
ZcTag087,180757,1.000000,Transmission,Mk10,04-Jun-2019,22:45:00,,,,8.0,8.00,,,,
ZcTag087,180757,1.000000,Transmission,Mk10,04-Jun-2019,22:50:00,,,,167.0,16.50,,,,
ZcTag087,180757,1.000000,Transmission,Mk10,04-Jun-2019,22:55:00,,,,274.0,33.00,,,,
ZcTag087,180757,1.000000,Transmission,Mk10,04-Jun-2019,23:00:00,,,,274.0,33.00,,,,
ZcTag087,180757,1.000000,Transmission,Mk10,04-Jun-2019,23:05:00,,,,213.0,32.00,,,,
ZcTag087,180757,1.000000,Transmission,Mk10,04-Jun-2019,23:10:00,,,,106.0,16.50,,,,
ZcTag087,180757,1.000000,Transmission,Mk10,04-Jun-2019,23:15:00,,,,8.0,8.00,,,,
ZcTag087,180757,1.000000,Transmission,Mk10,04-Jun-2019,23:20:00,,,,486.0,64.50,,,,
ZcTag087,180757,1.000000,Transmission,Mk10,04-Jun-2019,23:25:00,,,,730.0,66.00,,,,
ZcTag087,180757,1.000000,Transmission,Mk10,04-Jun-2019,23:30:00,,,,853.0,68.00,,,,
ZcTag087,180757,1.000000,Transmission,Mk10,04-Jun-2019,23:35:00,,,,853.0,68.00,,,,
ZcTag087,180757,1.000000,Transmission,Mk10,04-Jun-2019,23:40:00,,,,730.0,66.00,,,,
ZcTag087,180757,1.000000,Transmission,Mk10,04-Jun-2019,23:45:00,,,,730.0,66.00,,,,
ZcTag087,180757,1.000000,Transmission,Mk10,04-Jun-2019,23:50:00,,,,730.0,66.00,,,,
ZcTag087,180757,1.000000,Transmission,Mk10,04-Jun-2019,23:55:00,,,,853.0,68.00,,,,
ZcTag087,180757,1.000000,Transmission,Mk10,05-Jun-2019,00:00:00,,,,692.0,63.00,,,,
ZcTag087,180757,1.000000,Transmission,Mk10,05-Jun-2019,00:05:00,,,,461.0,61.50,,,,
ZcTag087,180757,1.000000,Transmission,Mk10,05-Jun-2019,00:10:00,,,,375.0,32.00,,,,
ZcTag087,180757,1.000000,Transmission,Mk10,05-Jun-2019,00:15:00,,,,202.0,31.00,,,,
ZcTag087,180757,1.000000,Transmission,Mk10,05-Jun-2019,00:20:00,,,,22.0,8.00,,,,
ZcTag087,180757,1.000000,Transmission,Mk10,05-Jun-2019,00:25:00,,,,259.0,31.50,,,,
ZcTag087,180757,1.000000,Transmission,Mk10,05-Jun-2019,00:30:00,,,,317.0,31.50,,,,
ZcTag087,180757,1.000000,Transmission,Mk10,05-Jun-2019,00:35:00,,,,202.0,31.00,,,,
ZcTag087,180757,1.000000,Transmission,Mk10,05-Jun-2019,00:40:00,,,,202.0,31.00,,,,
ZcTag087,180757,1.000000,Transmission,Mk10,05-Jun-2019,00:45:00,,,,7.0,7.50,,,,
ZcTag087,180757,1.000000,Transmission,Mk10,05-Jun-2019,00:50:00,,,,202.0,31.00,,,,
ZcTag087,180757,1.000000,Transmission,Mk10,05-Jun-2019,00:55:00,,,,202.0,31.00,,,,
ZcTag087,180757,1.000000,Transmission,Mk10,05-Jun-2019,01:00:00,,,,72.0,15.50,,,,
ZcTag087,180757,1.000000,Transmission,Mk10,05-Jun-2019,01:05:00,,,,130.0,16.00,,,,
ZcTag087,180757,1.000000,Transmission,Mk10,05-Jun-2019,01:10:00,,,,259.0,31.50,,,,
ZcTag087,180757,1.000000,Transmission,Mk10,05-Jun-2019,01:15:00,,,,202.0,31.00,,,,
ZcTag087,180757,1.000000,Transmission,Mk10,05-Jun-2019,01:20:00,,,,72.0,15.50,,,,
ZcTag087,180757,1.000000,Transmission,Mk10,05-Jun-2019,01:25:00,,,,7.0,7.50,,,,
ZcTag087,180757,1.000000,Transmission,Mk10,05-Jun-2019,01:30:00,,,,461.0,61.50,,,,
ZcTag087,180757,1.000000,Transmission,Mk10,05-Jun-2019,01:35:00,,,,692.0,63.00,,,,
ZcTag087,180757,1.000000,Transmission,Mk10,05-Jun-2019,01:40:00,,,,808.0,65.00,,,,
ZcTag087,180757,1.000000,Transmission,Mk10,05-Jun-2019,01:45:00,,,,692.0,63.00,,,,
ZcTag087,180757,1.000000,Transmission,Mk10,05-Jun-2019,01:50:00,,,,808.0,65.00,,,,
ZcTag087,180757,1.000000,Transmission,Mk10,05-Jun-2019,01:55:00,,,,692.0,63.00,,,,
ZcTag087,180757,1.000000,Transmission,Mk10,05-Jun-2019,02:00:00,,,,692.0,63.00,,,,
ZcTag087,180757,1.000000,Transmission,Mk10,05-Jun-2019,02:05:00,,,,692.0,63.00,,,,
ZcTag087,180757,1.000000,Transmission,Mk10,05-Jun-2019,02:10:00,,,,461.0,61.50,,,,
ZcTag087,180757,1.000000,Transmission,Mk10,05-Jun-2019,02:15:00,,,,202.0,31.00,,,,
ZcTag087,180757,1.000000,Transmission,Mk10,05-Jun-2019,02:20:00,,,,7.0,7.50,,,,
ZcTag087,180757,1.000000,Transmission,Mk10,05-Jun-2019,02:25:00,,,,202.0,31.00,,,,
ZcTag087,180757,1.000000,Transmission,Mk10,05-Jun-2019,02:30:00,,,,202.0,31.00,,,,
ZcTag087,180757,1.000000,Transmission,Mk10,05-Jun-2019,02:35:00,,,,50.0,8.50,,,,
ZcTag087,180757,1.000000,Transmission,Mk10,05-Jun-2019,02:40:00,,,,101.0,16.00,,,,
ZcTag087,180757,1.000000,Transmission,Mk10,05-Jun-2019,02:45:00,,,,202.0,31.00,,,,
ZcTag087,180757,1.000000,Transmission,Mk10,05-Jun-2019,02:50:00,,,,159.0,16.00,,,,
ZcTag087,180757,1.000000,Transmission,Mk10,05-Jun-2019,02:55:00,,,,36.0,8.00,,,,
ZcTag087,180757,1.000000,Transmission,Mk10,05-Jun-2019,03:00:00,,,,101.0,16.00,,,,
ZcTag087,180757,1.000000,Transmission,Mk10,05-Jun-2019,03:05:00,,,,159.0,16.00,,,,
ZcTag087,180757,1.000000,Transmission,Mk10,05-Jun-2019,03:10:00,,,,101.0,16.00,,,,
ZcTag087,180757,1.000000,Transmission,Mk10,05-Jun-2019,03:15:00,,,,7.0,7.50,,,,
ZcTag087,180757,1.000000,Transmission,Mk10,05-Jun-2019,03:20:00,,,,130.0,16.00,,,,
ZcTag087,180757,1.000000,Transmission,Mk10,05-Jun-2019,03:25:00,,,,576.0,62.50,,,,
ZcTag087,180757,1.000000,Transmission,Mk10,05-Jun-2019,03:30:00,,,,692.0,63.00,,,,
ZcTag087,180757,1.000000,Transmission,Mk10,05-Jun-2019,03:35:00,,,,808.0,65.00,,,,
ZcTag087,180757,1.000000,Transmission,Mk10,05-Jun-2019,03:40:00,,,,692.0,63.00,,,,
ZcTag087,180757,1.000000,Transmission,Mk10,05-Jun-2019,03:45:00,,,,808.0,65.00,,,,
ZcTag087,180757,1.000000,Transmission,Mk10,05-Jun-2019,03:50:00,,,,808.0,65.00,,,,
ZcTag087,180757,1.000000,Transmission,Mk10,05-Jun-2019,03:55:00,,,,808.0,65.00,,,,
ZcTag087,180757,1.000000,Transmission,Mk10,05-Jun-2019,04:00:00,,,,779.0,88.00,,,,
ZcTag087,180757,1.000000,Transmission,Mk10,05-Jun-2019,04:05:00,,,,623.0,86.50,,,,
ZcTag087,180757,1.000000,Transmission,Mk10,05-Jun-2019,04:10:00,,,,214.0,22.50,,,,
ZcTag087,180757,1.000000,Transmission,Mk10,05-Jun-2019,04:15:00,,,,10.0,10.00,,,,
ZcTag087,180757,1.000000,Transmission,Mk10,05-Jun-2019,04:20:00,,,,175.0,22.50,,,,
ZcTag087,180757,1.000000,Transmission,Mk10,05-Jun-2019,04:25:00,,,,214.0,22.50,,,,
ZcTag087,180757,1.000000,Transmission,Mk10,05-Jun-2019,04:30:00,,,,49.0,11.00,,,,
ZcTag087,180757,1.000000,Transmission,Mk10,05-Jun-2019,04:35:00,,,,68.0,11.00,,,,
ZcTag087,180757,1.000000,Transmission,Mk10,05-Jun-2019,04:40:00,,,,175.0,22.50,,,,
ZcTag087,180757,1.000000,Transmission,Mk10,05-Jun-2019,04:45:00,,,,175.0,22.50,,,,
ZcTag087,180757,1.000000,Transmission,Mk10,05-Jun-2019,04:50:00,,,,49.0,11.00,,,,
ZcTag087,180757,1.000000,Transmission,Mk10,05-Jun-2019,04:55:00,,,,68.0,11.00,,,,
ZcTag087,180757,1.000000,Transmission,Mk10,05-Jun-2019,05:00:00,,,,214.0,22.50,,,,
ZcTag087,180757,1.000000,Transmission,Mk10,05-Jun-2019,05:05:00,,,,214.0,22.50,,,,
ZcTag087,180757,1.000000,Transmission,Mk10,05-Jun-2019,05:10:00,,,,97.0,21.50,,,,
ZcTag087,180757,1.000000,Transmission,Mk10,05-Jun-2019,05:15:00,,,,10.0,10.00,,,,
ZcTag087,180757,1.000000,Transmission,Mk10,05-Jun-2019,05:20:00,,,,506.0,46.00,,,,
ZcTag087,180757,1.000000,Transmission,Mk10,05-Jun-2019,05:25:00,,,,779.0,88.00,,,,
ZcTag087,180757,1.000000,Transmission,Mk10,05-Jun-2019,05:30:00,,,,779.0,88.00,,,,
ZcTag087,180757,1.000000,Transmission,Mk10,05-Jun-2019,05:35:00,,,,779.0,88.00,,,,
ZcTag087,180757,1.000000,Transmission,Mk10,05-Jun-2019,05:40:00,,,,779.0,88.00,,,,
ZcTag087,180757,1.000000,Transmission,Mk10,05-Jun-2019,05:45:00,,,,779.0,88.00,,,,
ZcTag087,180757,1.000000,Transmission,Mk10,05-Jun-2019,05:50:00,,,,779.0,88.00,,,,
ZcTag087,180757,1.000000,Transmission,Mk10,05-Jun-2019,05:55:00,,,,779.0,88.00,,,,
ZcTag087,180757,1.000000,Transmission,Mk10,05-Jun-2019,06:00:00,,,,623.0,86.50,,,,
ZcTag087,180757,1.000000,Transmission,Mk10,05-Jun-2019,06:05:00,,,,214.0,22.50,,,,
ZcTag087,180757,1.000000,Transmission,Mk10,05-Jun-2019,06:10:00,,,,10.0,10.00,,,,
ZcTag087,180757,1.000000,Transmission,Mk10,05-Jun-2019,06:15:00,,,,214.0,22.50,,,,
ZcTag087,180757,1.000000,Transmission,Mk10,05-Jun-2019,06:20:00,,,,175.0,22.50,,,,
ZcTag087,180757,1.000000,Transmission,Mk10,05-Jun-2019,06:25:00,,,,10.0,10.00,,,,
ZcTag087,180757,1.000000,Transmission,Mk10,05-Jun-2019,06:30:00,,,,29.0,10.50,,,,
ZcTag087,180757,1.000000,Transmission,Mk10,05-Jun-2019,06:35:00,,,,214.0,22.50,,,,
ZcTag087,180757,1.000000,Transmission,Mk10,05-Jun-2019,06:40:00,,,,779.0,88.00,,,,
ZcTag087,180757,1.000000,Transmission,Mk10,05-Jun-2019,06:45:00,,,,934.0,90.50,,,,
ZcTag087,180757,1.000000,Transmission,Mk10,05-Jun-2019,06:50:00,,,,1091.0,93.50,,,,
ZcTag087,180757,1.000000,Transmission,Mk10,05-Jun-2019,06:55:00,,,,1091.0,93.50,,,,
ZcTag087,180757,1.000000,Transmission,Mk10,05-Jun-2019,07:00:00,,,,1091.0,93.50,,,,
ZcTag087,180757,1.000000,Transmission,Mk10,05-Jun-2019,07:05:00,,,,934.0,90.50,,,,
ZcTag087,180757,1.000000,Transmission,Mk10,05-Jun-2019,07:10:00,,,,779.0,88.00,,,,
ZcTag087,180757,1.000000,Transmission,Mk10,05-Jun-2019,07:15:00,,,,779.0,88.00,,,,
ZcTag087,180757,1.000000,Transmission,Mk10,05-Jun-2019,07:20:00,,,,623.0,86.50,,,,
ZcTag087,180757,1.000000,Transmission,Mk10,05-Jun-2019,07:25:00,,,,273.0,43.00,,,,
ZcTag087,180757,1.000000,Transmission,Mk10,05-Jun-2019,07:30:00,,,,10.0,10.00,,,,
ZcTag087,180757,1.000000,Transmission,Mk10,05-Jun-2019,07:35:00,,,,175.0,22.50,,,,
ZcTag087,180757,1.000000,Transmission,Mk10,05-Jun-2019,07:40:00,,,,273.0,43.00,,,,
ZcTag087,180757,1.000000,Transmission,Mk10,05-Jun-2019,07:45:00,,,,214.0,22.50,,,,
ZcTag087,180757,1.000000,Transmission,Mk10,05-Jun-2019,07:50:00,,,,10.0,10.00,,,,
ZcTag087,180757,1.000000,Transmission,Mk10,05-Jun-2019,07:55:00,,,,175.0,22.50,,,,
ZcTag087,180757,1.000000,Transmission,Mk10,05-Jun-2019,08:00:00,,,,258.0,41.50,,,,
ZcTag087,180757,1.000000,Transmission,Mk10,05-Jun-2019,08:05:00,,,,166.0,22.00,,,,
ZcTag087,180757,1.000000,Transmission,Mk10,05-Jun-2019,08:10:00,,,,9.0,9.50,,,,
ZcTag087,180757,1.000000,Transmission,Mk10,05-Jun-2019,08:15:00,,,,166.0,22.00,,,,
ZcTag087,180757,1.000000,Transmission,Mk10,05-Jun-2019,08:20:00,,,,203.0,22.00,,,,
ZcTag087,180757,1.000000,Transmission,Mk10,05-Jun-2019,08:25:00,,,,92.0,20.50,,,,
ZcTag087,180757,1.000000,Transmission,Mk10,05-Jun-2019,08:30:00,,,,28.0,10.00,,,,
ZcTag087,180757,1.000000,Transmission,Mk10,05-Jun-2019,08:35:00,,,,166.0,22.00,,,,
ZcTag087,180757,1.000000,Transmission,Mk10,05-Jun-2019,08:40:00,,,,203.0,22.00,,,,
ZcTag087,180757,1.000000,Transmission,Mk10,05-Jun-2019,08:45:00,,,,64.0,10.50,,,,
ZcTag087,180757,1.000000,Transmission,Mk10,05-Jun-2019,08:50:00,,,,92.0,20.50,,,,
ZcTag087,180757,1.000000,Transmission,Mk10,05-Jun-2019,08:55:00,,,,166.0,22.00,,,,
ZcTag087,180757,1.000000,Transmission,Mk10,05-Jun-2019,09:00:00,,,,203.0,22.00,,,,
ZcTag087,180757,1.000000,Transmission,Mk10,05-Jun-2019,09:05:00,,,,92.0,20.50,,,,
ZcTag087,180757,1.000000,Transmission,Mk10,05-Jun-2019,09:10:00,,,,9.0,9.50,,,,
ZcTag087,180757,1.000000,Transmission,Mk10,05-Jun-2019,09:15:00,,,,590.0,84.00,,,,
ZcTag087,180757,1.000000,Transmission,Mk10,05-Jun-2019,09:20:00,,,,1032.0,91.00,,,,
ZcTag087,180757,1.000000,Transmission,Mk10,05-Jun-2019,09:25:00,,,,884.0,88.50,,,,
ZcTag087,180757,1.000000,Transmission,Mk10,05-Jun-2019,09:30:00,,,,884.0,88.50,,,,
ZcTag087,180757,1.000000,Transmission,Mk10,05-Jun-2019,09:35:00,,,,1032.0,91.00,,,,
ZcTag087,180757,1.000000,Transmission,Mk10,05-Jun-2019,09:40:00,,,,884.0,88.50,,,,
ZcTag087,180757,1.000000,Transmission,Mk10,05-Jun-2019,09:45:00,,,,737.0,86.00,,,,
ZcTag087,180757,1.000000,Transmission,Mk10,05-Jun-2019,09:50:00,,,,884.0,88.50,,,,
ZcTag087,180757,1.000000,Transmission,Mk10,05-Jun-2019,09:55:00,,,,884.0,88.50,,,,
ZcTag087,180757,1.000000,Transmission,Mk10,05-Jun-2019,10:00:00,,,,737.0,86.00,,,,
ZcTag087,180757,1.000000,Transmission,Mk10,05-Jun-2019,10:05:00,,,,590.0,84.00,,,,
ZcTag087,180757,1.000000,Transmission,Mk10,05-Jun-2019,10:10:00,,,,479.0,45.00,,,,
ZcTag087,180757,1.000000,Transmission,Mk10,05-Jun-2019,10:15:00,,,,258.0,41.50,,,,
ZcTag087,180757,1.000000,Transmission,Mk10,05-Jun-2019,10:20:00,,,,9.0,9.50,,,,
ZcTag087,180757,1.000000,Transmission,Mk10,05-Jun-2019,10:25:00,,,,332.0,43.00,,,,
ZcTag087,180757,1.000000,Transmission,Mk10,05-Jun-2019,10:30:00,,,,405.0,43.50,,,,
ZcTag087,180757,1.000000,Transmission,Mk10,05-Jun-2019,10:35:00,,,,405.0,43.50,,,,
ZcTag087,180757,1.000000,Transmission,Mk10,05-Jun-2019,10:40:00,,,,203.0,22.00,,,,
ZcTag087,180757,1.000000,Transmission,Mk10,05-Jun-2019,10:45:00,,,,9.0,9.50,,,,
ZcTag087,180757,1.000000,Transmission,Mk10,05-Jun-2019,10:50:00,,,,203.0,22.00,,,,
ZcTag087,180757,1.000000,Transmission,Mk10,05-Jun-2019,10:55:00,,,,258.0,41.50,,,,
ZcTag087,180757,1.000000,Transmission,Mk10,05-Jun-2019,11:00:00,,,,258.0,41.50,,,,
ZcTag087,180757,1.000000,Transmission,Mk10,05-Jun-2019,11:05:00,,,,9.0,9.50,,,,
ZcTag087,180757,1.000000,Transmission,Mk10,05-Jun-2019,11:10:00,,,,166.0,22.00,,,,
ZcTag087,180757,1.000000,Transmission,Mk10,05-Jun-2019,11:15:00,,,,258.0,41.50,,,,
ZcTag087,180757,1.000000,Transmission,Mk10,05-Jun-2019,11:20:00,,,,332.0,43.00,,,,
ZcTag087,180757,1.000000,Transmission,Mk10,05-Jun-2019,11:25:00,,,,258.0,41.50,,,,
ZcTag087,180757,1.000000,Transmission,Mk10,05-Jun-2019,11:30:00,,,,9.0,9.50,,,,
ZcTag087,180757,1.000000,Transmission,Mk10,05-Jun-2019,11:35:00,,,,203.0,22.00,,,,
ZcTag087,180757,1.000000,Transmission,Mk10,05-Jun-2019,11:40:00,,,,258.0,41.50,,,,
ZcTag087,180757,1.000000,Transmission,Mk10,05-Jun-2019,11:45:00,,,,332.0,43.00,,,,
ZcTag087,180757,1.000000,Transmission,Mk10,05-Jun-2019,11:50:00,,,,258.0,41.50,,,,
ZcTag087,180757,1.000000,Transmission,Mk10,05-Jun-2019,11:55:00,,,,9.0,9.50,,,,
ZcTag087,180757,1.000000,Transmission,Mk10,05-Jun-2019,12:00:00,,,,165.0,17.00,,,,
ZcTag087,180757,1.000000,Transmission,Mk10,05-Jun-2019,12:05:00,,,,269.0,33.50,,,,
ZcTag087,180757,1.000000,Transmission,Mk10,05-Jun-2019,12:10:00,,,,329.0,33.50,,,,
ZcTag087,180757,1.000000,Transmission,Mk10,05-Jun-2019,12:15:00,,,,269.0,33.50,,,,
ZcTag087,180757,1.000000,Transmission,Mk10,05-Jun-2019,12:20:00,,,,8.0,8.00,,,,
ZcTag087,180757,1.000000,Transmission,Mk10,05-Jun-2019,12:25:00,,,,329.0,33.50,,,,
ZcTag087,180757,1.000000,Transmission,Mk10,05-Jun-2019,12:30:00,,,,718.0,67.50,,,,
ZcTag087,180757,1.000000,Transmission,Mk10,05-Jun-2019,12:35:00,,,,718.0,67.50,,,,
ZcTag087,180757,1.000000,Transmission,Mk10,05-Jun-2019,12:40:00,,,,718.0,67.50,,,,
ZcTag087,180757,1.000000,Transmission,Mk10,05-Jun-2019,12:45:00,,,,838.0,69.00,,,,
ZcTag087,180757,1.000000,Transmission,Mk10,05-Jun-2019,12:50:00,,,,838.0,69.00,,,,
ZcTag087,180757,1.000000,Transmission,Mk10,05-Jun-2019,12:55:00,,,,838.0,69.00,,,,
ZcTag087,180757,1.000000,Transmission,Mk10,05-Jun-2019,13:00:00,,,,718.0,67.50,,,,
ZcTag087,180757,1.000000,Transmission,Mk10,05-Jun-2019,13:05:00,,,,718.0,67.50,,,,
ZcTag087,180757,1.000000,Transmission,Mk10,05-Jun-2019,13:10:00,,,,838.0,69.00,,,,
ZcTag087,180757,1.000000,Transmission,Mk10,05-Jun-2019,13:15:00,,,,718.0,67.50,,,,
ZcTag087,180757,1.000000,Transmission,Mk10,05-Jun-2019,13:20:00,,,,598.0,66.50,,,,
ZcTag087,180757,1.000000,Transmission,Mk10,05-Jun-2019,13:25:00,,,,479.0,65.00,,,,
ZcTag087,180757,1.000000,Transmission,Mk10,05-Jun-2019,13:30:00,,,,209.0,32.50,,,,
ZcTag087,180757,1.000000,Transmission,Mk10,05-Jun-2019,13:35:00,,,,8.0,8.00,,,,
ZcTag087,180757,1.000000,Transmission,Mk10,05-Jun-2019,13:40:00,,,,329.0,33.50,,,,
ZcTag087,180757,1.000000,Transmission,Mk10,05-Jun-2019,13:45:00,,,,479.0,65.00,,,,
ZcTag087,180757,1.000000,Transmission,Mk10,05-Jun-2019,13:50:00,,,,389.0,34.00,,,,
ZcTag087,180757,1.000000,Transmission,Mk10,05-Jun-2019,13:55:00,,,,209.0,32.50,,,,
ZcTag087,180757,1.000000,Transmission,Mk10,05-Jun-2019,14:00:00,,,,8.0,8.00,,,,
ZcTag087,180757,1.000000,Transmission,Mk10,05-Jun-2019,14:05:00,,,,269.0,33.50,,,,
ZcTag087,180757,1.000000,Transmission,Mk10,05-Jun-2019,14:10:00,,,,389.0,34.00,,,,
ZcTag087,180757,1.000000,Transmission,Mk10,05-Jun-2019,14:15:00,,,,389.0,34.00,,,,
ZcTag087,180757,1.000000,Transmission,Mk10,05-Jun-2019,14:20:00,,,,329.0,33.50,,,,
ZcTag087,180757,1.000000,Transmission,Mk10,05-Jun-2019,14:25:00,,,,75.0,16.00,,,,
ZcTag087,180757,1.000000,Transmission,Mk10,05-Jun-2019,14:30:00,,,,104.0,16.50,,,,
ZcTag087,180757,1.000000,Transmission,Mk10,05-Jun-2019,14:35:00,,,,269.0,33.50,,,,
ZcTag087,180757,1.000000,Transmission,Mk10,05-Jun-2019,14:40:00,,,,329.0,33.50,,,,
ZcTag087,180757,1.000000,Transmission,Mk10,05-Jun-2019,14:45:00,,,,389.0,34.00,,,,
ZcTag087,180757,1.000000,Transmission,Mk10,05-Jun-2019,14:50:00,,,,389.0,34.00,,,,
ZcTag087,180757,1.000000,Transmission,Mk10,05-Jun-2019,14:55:00,,,,104.0,16.50,,,,
ZcTag087,180757,1.000000,Transmission,Mk10,05-Jun-2019,15:00:00,,,,8.0,8.00,,,,
ZcTag087,180757,1.000000,Transmission,Mk10,05-Jun-2019,15:05:00,,,,269.0,33.50,,,,
ZcTag087,180757,1.000000,Transmission,Mk10,05-Jun-2019,15:10:00,,,,329.0,33.50,,,,
ZcTag087,180757,1.000000,Transmission,Mk10,05-Jun-2019,15:15:00,,,,389.0,34.00,,,,
ZcTag087,180757,1.000000,Transmission,Mk10,05-Jun-2019,15:20:00,,,,389.0,34.00,,,,
ZcTag087,180757,1.000000,Transmission,Mk10,05-Jun-2019,15:25:00,,,,209.0,32.50,,,,
ZcTag087,180757,1.000000,Transmission,Mk10,05-Jun-2019,15:30:00,,,,22.0,8.50,,,,
ZcTag087,180757,1.000000,Transmission,Mk10,05-Jun-2019,15:35:00,,,,269.0,33.50,,,,
ZcTag087,180757,1.000000,Transmission,Mk10,05-Jun-2019,15:40:00,,,,329.0,33.50,,,,
ZcTag087,180757,1.000000,Transmission,Mk10,05-Jun-2019,15:45:00,,,,479.0,65.00,,,,
ZcTag087,180757,1.000000,Transmission,Mk10,05-Jun-2019,15:50:00,,,,479.0,65.00,,,,
ZcTag087,180757,1.000000,Transmission,Mk10,05-Jun-2019,15:55:00,,,,209.0,32.50,,,,
ZcTag087,180757,1.000000,Transmission,Mk10,05-Jun-2019,16:00:00,,,,12.0,12.00,,,,
ZcTag087,180757,1.000000,Transmission,Mk10,05-Jun-2019,16:05:00,,,,35.0,13.00,,,,
ZcTag087,180757,1.000000,Transmission,Mk10,05-Jun-2019,16:10:00,,,,209.0,26.50,,,,
ZcTag087,180757,1.000000,Transmission,Mk10,05-Jun-2019,16:15:00,,,,744.0,103.00,,,,
ZcTag087,180757,1.000000,Transmission,Mk10,05-Jun-2019,16:20:00,,,,1115.0,108.00,,,,
ZcTag087,180757,1.000000,Transmission,Mk10,05-Jun-2019,16:25:00,,,,1115.0,108.00,,,,
ZcTag087,180757,1.000000,Transmission,Mk10,05-Jun-2019,16:30:00,,,,1115.0,108.00,,,,
ZcTag087,180757,1.000000,Transmission,Mk10,05-Jun-2019,16:35:00,,,,1115.0,108.00,,,,
ZcTag087,180757,1.000000,Transmission,Mk10,05-Jun-2019,16:40:00,,,,1115.0,108.00,,,,
ZcTag087,180757,1.000000,Transmission,Mk10,05-Jun-2019,16:45:00,,,,1115.0,108.00,,,,
ZcTag087,180757,1.000000,Transmission,Mk10,05-Jun-2019,16:50:00,,,,1115.0,108.00,,,,
ZcTag087,180757,1.000000,Transmission,Mk10,05-Jun-2019,16:55:00,,,,1115.0,108.00,,,,
ZcTag087,180757,1.000000,Transmission,Mk10,05-Jun-2019,17:00:00,,,,929.0,105.50,,,,
ZcTag087,180757,1.000000,Transmission,Mk10,05-Jun-2019,17:05:00,,,,744.0,103.00,,,,
ZcTag087,180757,1.000000,Transmission,Mk10,05-Jun-2019,17:10:00,,,,744.0,103.00,,,,
ZcTag087,180757,1.000000,Transmission,Mk10,05-Jun-2019,17:15:00,,,,511.0,53.50,,,,
ZcTag087,180757,1.000000,Transmission,Mk10,05-Jun-2019,17:20:00,,,,209.0,26.50,,,,
ZcTag087,180757,1.000000,Transmission,Mk10,05-Jun-2019,17:25:00,,,,116.0,25.50,,,,
ZcTag087,180757,1.000000,Transmission,Mk10,05-Jun-2019,17:30:00,,,,325.0,51.50,,,,
ZcTag087,180757,1.000000,Transmission,Mk10,05-Jun-2019,17:35:00,,,,325.0,51.50,,,,
ZcTag087,180757,1.000000,Transmission,Mk10,05-Jun-2019,17:40:00,,,,325.0,51.50,,,,
ZcTag087,180757,1.000000,Transmission,Mk10,05-Jun-2019,17:45:00,,,,12.0,12.00,,,,
ZcTag087,180757,1.000000,Transmission,Mk10,05-Jun-2019,17:50:00,,,,209.0,26.50,,,,
ZcTag087,180757,1.000000,Transmission,Mk10,05-Jun-2019,17:55:00,,,,325.0,51.50,,,,
ZcTag087,180757,1.000000,Transmission,Mk10,05-Jun-2019,18:00:00,,,,325.0,51.50,,,,
ZcTag087,180757,1.000000,Transmission,Mk10,05-Jun-2019,18:05:00,,,,325.0,51.50,,,,
ZcTag087,180757,1.000000,Transmission,Mk10,05-Jun-2019,18:10:00,,,,116.0,25.50,,,,
ZcTag087,180757,1.000000,Transmission,Mk10,05-Jun-2019,18:15:00,,,,116.0,25.50,,,,
ZcTag087,180757,1.000000,Transmission,Mk10,05-Jun-2019,18:20:00,,,,256.0,27.00,,,,
ZcTag087,180757,1.000000,Transmission,Mk10,05-Jun-2019,18:25:00,,,,325.0,51.50,,,,
ZcTag087,180757,1.000000,Transmission,Mk10,05-Jun-2019,18:30:00,,,,325.0,51.50,,,,
ZcTag087,180757,1.000000,Transmission,Mk10,05-Jun-2019,18:35:00,,,,12.0,12.00,,,,
ZcTag087,180757,1.000000,Transmission,Mk10,05-Jun-2019,18:40:00,,,,209.0,26.50,,,,
ZcTag087,180757,1.000000,Transmission,Mk10,05-Jun-2019,18:45:00,,,,256.0,27.00,,,,
ZcTag087,180757,1.000000,Transmission,Mk10,05-Jun-2019,18:50:00,,,,325.0,51.50,,,,
ZcTag087,180757,1.000000,Transmission,Mk10,05-Jun-2019,18:55:00,,,,209.0,26.50,,,,
ZcTag087,180757,1.000000,Transmission,Mk10,05-Jun-2019,19:00:00,,,,12.0,12.00,,,,
ZcTag087,180757,1.000000,Transmission,Mk10,05-Jun-2019,19:05:00,,,,511.0,53.50,,,,
ZcTag087,180757,1.000000,Transmission,Mk10,05-Jun-2019,19:10:00,,,,256.0,27.00,,,,
ZcTag087,180757,1.000000,Transmission,Mk10,05-Jun-2019,19:15:00,,,,116.0,25.50,,,,
ZcTag087,180757,1.000000,Transmission,Mk10,05-Jun-2019,19:20:00,,,,744.0,103.00,,,,
ZcTag087,180757,1.000000,Transmission,Mk10,05-Jun-2019,19:25:00,,,,1300.0,110.50,,,,
ZcTag087,180757,1.000000,Transmission,Mk10,05-Jun-2019,19:30:00,,,,1300.0,110.50,,,,
ZcTag087,180757,1.000000,Transmission,Mk10,05-Jun-2019,19:35:00,,,,1300.0,110.50,,,,
ZcTag087,180757,1.000000,Transmission,Mk10,05-Jun-2019,19:40:00,,,,1300.0,110.50,,,,
ZcTag087,180757,1.000000,Transmission,Mk10,05-Jun-2019,19:45:00,,,,1300.0,110.50,,,,
ZcTag087,180757,1.000000,Transmission,Mk10,05-Jun-2019,19:50:00,,,,1115.0,108.00,,,,
ZcTag087,180757,1.000000,Transmission,Mk10,05-Jun-2019,19:55:00,,,,744.0,103.00,,,,
ZcTag087,180757,1.000000,Transmission,Mk10,05-Jun-2019,20:00:00,,,,548.0,49.00,,,,
ZcTag087,180757,1.000000,Transmission,Mk10,05-Jun-2019,20:05:00,,,,464.0,48.00,,,,
ZcTag087,180757,1.000000,Transmission,Mk10,05-Jun-2019,20:10:00,,,,11.0,11.00,,,,
ZcTag087,180757,1.000000,Transmission,Mk10,05-Jun-2019,20:15:00,,,,190.0,24.00,,,,
ZcTag087,180757,1.000000,Transmission,Mk10,05-Jun-2019,20:20:00,,,,379.0,47.50,,,,
ZcTag087,180757,1.000000,Transmission,Mk10,05-Jun-2019,20:25:00,,,,379.0,47.50,,,,
ZcTag087,180757,1.000000,Transmission,Mk10,05-Jun-2019,20:30:00,,,,295.0,46.00,,,,
ZcTag087,180757,1.000000,Transmission,Mk10,05-Jun-2019,20:35:00,,,,11.0,11.00,,,,
ZcTag087,180757,1.000000,Transmission,Mk10,05-Jun-2019,20:40:00,,,,295.0,46.00,,,,
ZcTag087,180757,1.000000,Transmission,Mk10,05-Jun-2019,20:45:00,,,,379.0,47.50,,,,
ZcTag087,180757,1.000000,Transmission,Mk10,05-Jun-2019,20:50:00,,,,379.0,47.50,,,,
ZcTag087,180757,1.000000,Transmission,Mk10,05-Jun-2019,20:55:00,,,,11.0,11.00,,,,
ZcTag087,180757,1.000000,Transmission,Mk10,05-Jun-2019,21:00:00,,,,105.0,22.50,,,,
ZcTag087,180757,1.000000,Transmission,Mk10,05-Jun-2019,21:05:00,,,,295.0,46.00,,,,
ZcTag087,180757,1.000000,Transmission,Mk10,05-Jun-2019,21:10:00,,,,295.0,46.00,,,,
ZcTag087,180757,1.000000,Transmission,Mk10,05-Jun-2019,21:15:00,,,,105.0,22.50,,,,
ZcTag087,180757,1.000000,Transmission,Mk10,05-Jun-2019,21:20:00,,,,11.0,11.00,,,,
ZcTag087,180757,1.000000,Transmission,Mk10,05-Jun-2019,21:25:00,,,,464.0,48.00,,,,
ZcTag087,180757,1.000000,Transmission,Mk10,05-Jun-2019,21:30:00,,,,843.0,95.00,,,,
ZcTag087,180757,1.000000,Transmission,Mk10,05-Jun-2019,21:35:00,,,,1181.0,100.00,,,,
ZcTag087,180757,1.000000,Transmission,Mk10,05-Jun-2019,21:40:00,,,,1181.0,100.00,,,,
ZcTag087,180757,1.000000,Transmission,Mk10,05-Jun-2019,21:45:00,,,,1181.0,100.00,,,,
ZcTag087,180757,1.000000,Transmission,Mk10,05-Jun-2019,21:50:00,,,,1181.0,100.00,,,,
ZcTag087,180757,1.000000,Transmission,Mk10,05-Jun-2019,21:55:00,,,,1181.0,100.00,,,,
ZcTag087,180757,1.000000,Transmission,Mk10,05-Jun-2019,22:00:00,,,,1011.0,96.50,,,,
ZcTag087,180757,1.000000,Transmission,Mk10,05-Jun-2019,22:05:00,,,,1011.0,96.50,,,,
ZcTag087,180757,1.000000,Transmission,Mk10,05-Jun-2019,22:10:00,,,,1011.0,96.50,,,,
ZcTag087,180757,1.000000,Transmission,Mk10,05-Jun-2019,22:15:00,,,,1011.0,96.50,,,,
ZcTag087,180757,1.000000,Transmission,Mk10,05-Jun-2019,22:20:00,,,,843.0,95.00,,,,
ZcTag087,180757,1.000000,Transmission,Mk10,05-Jun-2019,22:25:00,,,,548.0,49.00,,,,
ZcTag087,180757,1.000000,Transmission,Mk10,05-Jun-2019,22:30:00,,,,295.0,46.00,,,,
ZcTag087,180757,1.000000,Transmission,Mk10,05-Jun-2019,22:35:00,,,,11.0,11.00,,,,
ZcTag087,180757,1.000000,Transmission,Mk10,05-Jun-2019,22:40:00,,,,295.0,46.00,,,,
ZcTag087,180757,1.000000,Transmission,Mk10,05-Jun-2019,22:45:00,,,,379.0,47.50,,,,
ZcTag087,180757,1.000000,Transmission,Mk10,05-Jun-2019,22:50:00,,,,295.0,46.00,,,,
ZcTag087,180757,1.000000,Transmission,Mk10,05-Jun-2019,22:55:00,,,,11.0,11.00,,,,
ZcTag087,180757,1.000000,Transmission,Mk10,05-Jun-2019,23:00:00,,,,232.0,24.00,,,,
ZcTag087,180757,1.000000,Transmission,Mk10,05-Jun-2019,23:05:00,,,,295.0,46.00,,,,
ZcTag087,180757,1.000000,Transmission,Mk10,05-Jun-2019,23:10:00,,,,379.0,47.50,,,,
ZcTag087,180757,1.000000,Transmission,Mk10,05-Jun-2019,23:15:00,,,,105.0,22.50,,,,
ZcTag087,180757,1.000000,Transmission,Mk10,05-Jun-2019,23:20:00,,,,105.0,22.50,,,,
ZcTag087,180757,1.000000,Transmission,Mk10,05-Jun-2019,23:25:00,,,,295.0,46.00,,,,
ZcTag087,180757,1.000000,Transmission,Mk10,05-Jun-2019,23:30:00,,,,379.0,47.50,,,,
ZcTag087,180757,1.000000,Transmission,Mk10,05-Jun-2019,23:35:00,,,,232.0,24.00,,,,
ZcTag087,180757,1.000000,Transmission,Mk10,05-Jun-2019,23:40:00,,,,11.0,11.00,,,,
ZcTag087,180757,1.000000,Transmission,Mk10,05-Jun-2019,23:45:00,,,,232.0,24.00,,,,
ZcTag087,180757,1.000000,Transmission,Mk10,05-Jun-2019,23:50:00,,,,295.0,46.00,,,,
ZcTag087,180757,1.000000,Transmission,Mk10,05-Jun-2019,23:55:00,,,,295.0,46.00,,,,
ZcTag087,180757,1.000000,Transmission,Mk10,06-Jun-2019,00:00:00,,,,4.0,4.00,,,,
ZcTag087,180757,1.000000,Transmission,Mk10,06-Jun-2019,00:05:00,,,,298.0,32.50,,,,
ZcTag087,180757,1.000000,Transmission,Mk10,06-Jun-2019,00:10:00,,,,418.0,34.50,,,,
ZcTag087,180757,1.000000,Transmission,Mk10,06-Jun-2019,00:15:00,,,,418.0,34.50,,,,
ZcTag087,180757,1.000000,Transmission,Mk10,06-Jun-2019,00:20:00,,,,164.0,16.50,,,,
ZcTag087,180757,1.000000,Transmission,Mk10,06-Jun-2019,00:25:00,,,,37.0,8.50,,,,
ZcTag087,180757,1.000000,Transmission,Mk10,06-Jun-2019,00:30:00,,,,194.0,17.00,,,,
ZcTag087,180757,1.000000,Transmission,Mk10,06-Jun-2019,00:35:00,,,,26.0,4.50,,,,
ZcTag087,180757,1.000000,Transmission,Mk10,06-Jun-2019,00:40:00,,,,52.0,8.50,,,,
ZcTag087,180757,1.000000,Transmission,Mk10,06-Jun-2019,00:45:00,,,,104.0,16.50,,,,
ZcTag087,180757,1.000000,Transmission,Mk10,06-Jun-2019,00:50:00,,,,4.0,4.00,,,,
ZcTag087,180757,1.000000,Transmission,Mk10,06-Jun-2019,00:55:00,,,,134.0,16.50,,,,
ZcTag087,180757,1.000000,Transmission,Mk10,06-Jun-2019,01:00:00,,,,239.0,32.00,,,,
ZcTag087,180757,1.000000,Transmission,Mk10,06-Jun-2019,01:05:00,,,,194.0,17.00,,,,
ZcTag087,180757,1.000000,Transmission,Mk10,06-Jun-2019,01:10:00,,,,4.0,4.00,,,,
ZcTag087,180757,1.000000,Transmission,Mk10,06-Jun-2019,01:15:00,,,,164.0,16.50,,,,
ZcTag087,180757,1.000000,Transmission,Mk10,06-Jun-2019,01:20:00,,,,164.0,16.50,,,,
ZcTag087,180757,1.000000,Transmission,Mk10,06-Jun-2019,01:25:00,,,,134.0,16.50,,,,
ZcTag087,180757,1.000000,Transmission,Mk10,06-Jun-2019,01:30:00,,,,4.0,4.00,,,,
ZcTag087,180757,1.000000,Transmission,Mk10,06-Jun-2019,01:35:00,,,,164.0,16.50,,,,
ZcTag087,180757,1.000000,Transmission,Mk10,06-Jun-2019,01:40:00,,,,194.0,17.00,,,,
ZcTag087,180757,1.000000,Transmission,Mk10,06-Jun-2019,01:45:00,,,,194.0,17.00,,,,
ZcTag087,180757,1.000000,Transmission,Mk10,06-Jun-2019,01:50:00,,,,4.0,4.00,,,,
ZcTag087,180757,1.000000,Transmission,Mk10,06-Jun-2019,01:55:00,,,,164.0,16.50,,,,
ZcTag087,180757,1.000000,Transmission,Mk10,06-Jun-2019,02:00:00,,,,194.0,17.00,,,,
ZcTag087,180757,1.000000,Transmission,Mk10,06-Jun-2019,02:05:00,,,,164.0,16.50,,,,
ZcTag087,180757,1.000000,Transmission,Mk10,06-Jun-2019,02:10:00,,,,4.0,4.00,,,,
ZcTag087,180757,1.000000,Transmission,Mk10,06-Jun-2019,02:15:00,,,,164.0,16.50,,,,
ZcTag087,180757,1.000000,Transmission,Mk10,06-Jun-2019,02:20:00,,,,239.0,32.00,,,,
ZcTag087,180757,1.000000,Transmission,Mk10,06-Jun-2019,02:25:00,,,,239.0,32.00,,,,
ZcTag087,180757,1.000000,Transmission,Mk10,06-Jun-2019,02:30:00,,,,104.0,16.50,,,,
ZcTag087,180757,1.000000,Transmission,Mk10,06-Jun-2019,02:35:00,,,,52.0,8.50,,,,
ZcTag087,180757,1.000000,Transmission,Mk10,06-Jun-2019,02:40:00,,,,164.0,16.50,,,,
ZcTag087,180757,1.000000,Transmission,Mk10,06-Jun-2019,02:45:00,,,,194.0,17.00,,,,
ZcTag087,180757,1.000000,Transmission,Mk10,06-Jun-2019,02:50:00,,,,4.0,4.00,,,,
ZcTag087,180757,1.000000,Transmission,Mk10,06-Jun-2019,02:55:00,,,,104.0,16.50,,,,
ZcTag087,180757,1.000000,Transmission,Mk10,06-Jun-2019,03:00:00,,,,52.0,8.50,,,,
ZcTag087,180757,1.000000,Transmission,Mk10,06-Jun-2019,03:05:00,,,,37.0,8.50,,,,
ZcTag087,180757,1.000000,Transmission,Mk10,06-Jun-2019,03:10:00,,,,134.0,16.50,,,,
ZcTag087,180757,1.000000,Transmission,Mk10,06-Jun-2019,03:15:00,,,,104.0,16.50,,,,
ZcTag087,180757,1.000000,Transmission,Mk10,06-Jun-2019,03:20:00,,,,4.0,4.00,,,,
ZcTag087,180757,1.000000,Transmission,Mk10,06-Jun-2019,03:25:00,,,,164.0,16.50,,,,
ZcTag087,180757,1.000000,Transmission,Mk10,06-Jun-2019,03:30:00,,,,194.0,17.00,,,,
ZcTag087,180757,1.000000,Transmission,Mk10,06-Jun-2019,03:35:00,,,,164.0,16.50,,,,
ZcTag087,180757,1.000000,Transmission,Mk10,06-Jun-2019,03:40:00,,,,4.0,4.00,,,,
ZcTag087,180757,1.000000,Transmission,Mk10,06-Jun-2019,03:45:00,,,,164.0,16.50,,,,
ZcTag087,180757,1.000000,Transmission,Mk10,06-Jun-2019,03:50:00,,,,239.0,32.00,,,,
ZcTag087,180757,1.000000,Transmission,Mk10,06-Jun-2019,03:55:00,,,,194.0,17.00,,,,
ZcTag087,180757,1.000000,Transmission,Mk10,06-Jun-2019,04:00:00,,,,146.0,20.00,,,,
ZcTag087,180757,1.000000,Transmission,Mk10,06-Jun-2019,04:05:00,,,,2.0,2.50,,,,
ZcTag087,180757,1.000000,Transmission,Mk10,06-Jun-2019,04:10:00,,,,219.0,21.00,,,,
ZcTag087,180757,1.000000,Transmission,Mk10,06-Jun-2019,04:15:00,,,,255.0,21.50,,,,
ZcTag087,180757,1.000000,Transmission,Mk10,06-Jun-2019,04:20:00,,,,255.0,21.50,,,,
ZcTag087,180757,1.000000,Transmission,Mk10,06-Jun-2019,04:25:00,,,,219.0,21.00,,,,
ZcTag087,180757,1.000000,Transmission,Mk10,06-Jun-2019,04:30:00,,,,2.0,2.50,,,,
ZcTag087,180757,1.000000,Transmission,Mk10,06-Jun-2019,04:35:00,,,,146.0,20.00,,,,
ZcTag087,180757,1.000000,Transmission,Mk10,06-Jun-2019,04:40:00,,,,219.0,21.00,,,,
ZcTag087,180757,1.000000,Transmission,Mk10,06-Jun-2019,04:45:00,,,,219.0,21.00,,,,
ZcTag087,180757,1.000000,Transmission,Mk10,06-Jun-2019,04:50:00,,,,182.0,20.50,,,,
ZcTag087,180757,1.000000,Transmission,Mk10,06-Jun-2019,04:55:00,,,,2.0,2.50,,,,
ZcTag087,180757,1.000000,Transmission,Mk10,06-Jun-2019,05:00:00,,,,146.0,20.00,,,,
ZcTag087,180757,1.000000,Transmission,Mk10,06-Jun-2019,05:05:00,,,,182.0,20.50,,,,
ZcTag087,180757,1.000000,Transmission,Mk10,06-Jun-2019,05:10:00,,,,32.0,5.00,,,,
ZcTag087,180757,1.000000,Transmission,Mk10,06-Jun-2019,05:15:00,,,,2.0,2.50,,,,
ZcTag087,180757,1.000000,Transmission,Mk10,06-Jun-2019,05:20:00,,,,16.0,3.00,,,,
ZcTag087,180757,1.000000,Transmission,Mk10,06-Jun-2019,05:25:00,,,,16.0,3.00,,,,
ZcTag087,180757,1.000000,Transmission,Mk10,06-Jun-2019,05:30:00,,,,11.0,2.50,,,,
ZcTag087,180757,1.000000,Transmission,Mk10,06-Jun-2019,05:35:00,,,,219.0,21.00,,,,
ZcTag087,180757,1.000000,Transmission,Mk10,06-Jun-2019,05:40:00,,,,255.0,21.50,,,,
ZcTag087,180757,1.000000,Transmission,Mk10,06-Jun-2019,05:45:00,,,,255.0,21.50,,,,
ZcTag087,180757,1.000000,Transmission,Mk10,06-Jun-2019,05:50:00,,,,64.0,10.00,,,,
ZcTag087,180757,1.000000,Transmission,Mk10,06-Jun-2019,05:55:00,,,,32.0,5.00,,,,
ZcTag087,180757,1.000000,Transmission,Mk10,06-Jun-2019,06:00:00,,,,118.0,10.50,,,,
ZcTag087,180757,1.000000,Transmission,Mk10,06-Jun-2019,06:05:00,,,,182.0,20.50,,,,
ZcTag087,180757,1.000000,Transmission,Mk10,06-Jun-2019,06:10:00,,,,219.0,21.00,,,,
ZcTag087,180757,1.000000,Transmission,Mk10,06-Jun-2019,06:15:00,,,,219.0,21.00,,,,
ZcTag087,180757,1.000000,Transmission,Mk10,06-Jun-2019,06:20:00,,,,219.0,21.00,,,,
ZcTag087,180757,1.000000,Transmission,Mk10,06-Jun-2019,06:25:00,,,,182.0,20.50,,,,
ZcTag087,180757,1.000000,Transmission,Mk10,06-Jun-2019,06:30:00,,,,2.0,2.50,,,,
ZcTag087,180757,1.000000,Transmission,Mk10,06-Jun-2019,06:35:00,,,,182.0,20.50,,,,
ZcTag087,180757,1.000000,Transmission,Mk10,06-Jun-2019,06:40:00,,,,255.0,21.50,,,,
ZcTag087,180757,1.000000,Transmission,Mk10,06-Jun-2019,06:45:00,,,,255.0,21.50,,,,
ZcTag087,180757,1.000000,Transmission,Mk10,06-Jun-2019,06:50:00,,,,255.0,21.50,,,,
ZcTag087,180757,1.000000,Transmission,Mk10,06-Jun-2019,06:55:00,,,,182.0,20.50,,,,
ZcTag087,180757,1.000000,Transmission,Mk10,06-Jun-2019,07:00:00,,,,2.0,2.50,,,,
ZcTag087,180757,1.000000,Transmission,Mk10,06-Jun-2019,07:05:00,,,,146.0,20.00,,,,
ZcTag087,180757,1.000000,Transmission,Mk10,06-Jun-2019,07:10:00,,,,219.0,21.00,,,,
ZcTag087,180757,1.000000,Transmission,Mk10,06-Jun-2019,07:15:00,,,,182.0,20.50,,,,
ZcTag087,180757,1.000000,Transmission,Mk10,06-Jun-2019,07:20:00,,,,41.0,5.50,,,,
ZcTag087,180757,1.000000,Transmission,Mk10,06-Jun-2019,07:25:00,,,,64.0,10.00,,,,
ZcTag087,180757,1.000000,Transmission,Mk10,06-Jun-2019,07:30:00,,,,219.0,21.00,,,,
ZcTag087,180757,1.000000,Transmission,Mk10,06-Jun-2019,07:35:00,,,,255.0,21.50,,,,
ZcTag087,180757,1.000000,Transmission,Mk10,06-Jun-2019,07:40:00,,,,219.0,21.00,,,,
ZcTag087,180757,1.000000,Transmission,Mk10,06-Jun-2019,07:45:00,,,,23.0,5.00,,,,
ZcTag087,180757,1.000000,Transmission,Mk10,06-Jun-2019,07:50:00,,,,7.0,3.00,,,,
ZcTag087,180757,1.000000,Transmission,Mk10,06-Jun-2019,07:55:00,,,,219.0,21.00,,,,
ZcTag087,180757,1.000000,Transmission,Mk10,06-Jun-2019,08:00:00,,,,220.0,23.50,,,,
ZcTag087,180757,1.000000,Transmission,Mk10,06-Jun-2019,08:05:00,,,,180.0,23.50,,,,
ZcTag087,180757,1.000000,Transmission,Mk10,06-Jun-2019,08:10:00,,,,50.0,11.00,,,,
ZcTag087,180757,1.000000,Transmission,Mk10,06-Jun-2019,08:15:00,,,,140.0,22.50,,,,
ZcTag087,180757,1.000000,Transmission,Mk10,06-Jun-2019,08:20:00,,,,10.0,10.50,,,,
ZcTag087,180757,1.000000,Transmission,Mk10,06-Jun-2019,08:25:00,,,,220.0,23.50,,,,
ZcTag087,180757,1.000000,Transmission,Mk10,06-Jun-2019,08:30:00,,,,280.0,44.50,,,,
ZcTag087,180757,1.000000,Transmission,Mk10,06-Jun-2019,08:35:00,,,,280.0,44.50,,,,
ZcTag087,180757,1.000000,Transmission,Mk10,06-Jun-2019,08:40:00,,,,220.0,23.50,,,,
ZcTag087,180757,1.000000,Transmission,Mk10,06-Jun-2019,08:45:00,,,,100.0,22.00,,,,
ZcTag087,180757,1.000000,Transmission,Mk10,06-Jun-2019,08:50:00,,,,10.0,10.50,,,,
ZcTag087,180757,1.000000,Transmission,Mk10,06-Jun-2019,08:55:00,,,,180.0,23.50,,,,
ZcTag087,180757,1.000000,Transmission,Mk10,06-Jun-2019,09:00:00,,,,220.0,23.50,,,,
ZcTag087,180757,1.000000,Transmission,Mk10,06-Jun-2019,09:05:00,,,,220.0,23.50,,,,
ZcTag087,180757,1.000000,Transmission,Mk10,06-Jun-2019,09:10:00,,,,180.0,23.50,,,,
ZcTag087,180757,1.000000,Transmission,Mk10,06-Jun-2019,09:15:00,,,,70.0,11.50,,,,
ZcTag087,180757,1.000000,Transmission,Mk10,06-Jun-2019,09:20:00,,,,180.0,23.50,,,,
ZcTag087,180757,1.000000,Transmission,Mk10,06-Jun-2019,09:25:00,,,,220.0,23.50,,,,
ZcTag087,180757,1.000000,Transmission,Mk10,06-Jun-2019,09:30:00,,,,140.0,22.50,,,,
ZcTag087,180757,1.000000,Transmission,Mk10,06-Jun-2019,09:35:00,,,,70.0,11.50,,,,
ZcTag087,180757,1.000000,Transmission,Mk10,06-Jun-2019,09:40:00,,,,641.0,90.00,,,,
ZcTag087,180757,1.000000,Transmission,Mk10,06-Jun-2019,09:45:00,,,,1121.0,97.50,,,,
ZcTag087,180757,1.000000,Transmission,Mk10,06-Jun-2019,09:50:00,,,,1121.0,97.50,,,,
ZcTag087,180757,1.000000,Transmission,Mk10,06-Jun-2019,09:55:00,,,,1121.0,97.50,,,,
ZcTag087,180757,1.000000,Transmission,Mk10,06-Jun-2019,10:00:00,,,,961.0,95.00,,,,
ZcTag087,180757,1.000000,Transmission,Mk10,06-Jun-2019,10:05:00,,,,801.0,92.50,,,,
ZcTag087,180757,1.000000,Transmission,Mk10,06-Jun-2019,10:10:00,,,,641.0,90.00,,,,
ZcTag087,180757,1.000000,Transmission,Mk10,06-Jun-2019,10:15:00,,,,641.0,90.00,,,,
ZcTag087,180757,1.000000,Transmission,Mk10,06-Jun-2019,10:20:00,,,,520.0,48.50,,,,
ZcTag087,180757,1.000000,Transmission,Mk10,06-Jun-2019,10:25:00,,,,361.0,46.00,,,,
ZcTag087,180757,1.000000,Transmission,Mk10,06-Jun-2019,10:30:00,,,,180.0,23.50,,,,
ZcTag087,180757,1.000000,Transmission,Mk10,06-Jun-2019,10:35:00,,,,10.0,10.50,,,,
ZcTag087,180757,1.000000,Transmission,Mk10,06-Jun-2019,10:40:00,,,,280.0,44.50,,,,
ZcTag087,180757,1.000000,Transmission,Mk10,06-Jun-2019,10:45:00,,,,361.0,46.00,,,,
ZcTag087,180757,1.000000,Transmission,Mk10,06-Jun-2019,10:50:00,,,,361.0,46.00,,,,
ZcTag087,180757,1.000000,Transmission,Mk10,06-Jun-2019,10:55:00,,,,361.0,46.00,,,,
ZcTag087,180757,1.000000,Transmission,Mk10,06-Jun-2019,11:00:00,,,,280.0,44.50,,,,
ZcTag087,180757,1.000000,Transmission,Mk10,06-Jun-2019,11:05:00,,,,100.0,22.00,,,,
ZcTag087,180757,1.000000,Transmission,Mk10,06-Jun-2019,11:10:00,,,,100.0,22.00,,,,
ZcTag087,180757,1.000000,Transmission,Mk10,06-Jun-2019,11:15:00,,,,280.0,44.50,,,,
ZcTag087,180757,1.000000,Transmission,Mk10,06-Jun-2019,11:20:00,,,,361.0,46.00,,,,
ZcTag087,180757,1.000000,Transmission,Mk10,06-Jun-2019,11:25:00,,,,361.0,46.00,,,,
ZcTag087,180757,1.000000,Transmission,Mk10,06-Jun-2019,11:30:00,,,,280.0,44.50,,,,
ZcTag087,180757,1.000000,Transmission,Mk10,06-Jun-2019,11:35:00,,,,220.0,23.50,,,,
ZcTag087,180757,1.000000,Transmission,Mk10,06-Jun-2019,11:40:00,,,,10.0,10.50,,,,
ZcTag087,180757,1.000000,Transmission,Mk10,06-Jun-2019,11:45:00,,,,220.0,23.50,,,,
ZcTag087,180757,1.000000,Transmission,Mk10,06-Jun-2019,11:50:00,,,,280.0,44.50,,,,
ZcTag087,180757,1.000000,Transmission,Mk10,06-Jun-2019,11:55:00,,,,280.0,44.50,,,,
ZcTag087,180757,1.000000,Transmission,Mk10,06-Jun-2019,12:00:00,,,,273.0,43.00,,,,
ZcTag087,180757,1.000000,Transmission,Mk10,06-Jun-2019,12:05:00,,,,175.0,22.50,,,,
ZcTag087,180757,1.000000,Transmission,Mk10,06-Jun-2019,12:10:00,,,,10.0,10.00,,,,
ZcTag087,180757,1.000000,Transmission,Mk10,06-Jun-2019,12:15:00,,,,214.0,22.50,,,,
ZcTag087,180757,1.000000,Transmission,Mk10,06-Jun-2019,12:20:00,,,,351.0,44.00,,,,
ZcTag087,180757,1.000000,Transmission,Mk10,06-Jun-2019,12:25:00,,,,351.0,44.00,,,,
ZcTag087,180757,1.000000,Transmission,Mk10,06-Jun-2019,12:30:00,,,,351.0,44.00,,,,
ZcTag087,180757,1.000000,Transmission,Mk10,06-Jun-2019,12:35:00,,,,214.0,22.50,,,,
ZcTag087,180757,1.000000,Transmission,Mk10,06-Jun-2019,12:40:00,,,,10.0,10.00,,,,
ZcTag087,180757,1.000000,Transmission,Mk10,06-Jun-2019,12:45:00,,,,351.0,44.00,,,,
ZcTag087,180757,1.000000,Transmission,Mk10,06-Jun-2019,12:50:00,,,,934.0,90.50,,,,
ZcTag087,180757,1.000000,Transmission,Mk10,06-Jun-2019,12:55:00,,,,1091.0,93.50,,,,
ZcTag087,180757,1.000000,Transmission,Mk10,06-Jun-2019,13:00:00,,,,1091.0,93.50,,,,
ZcTag087,180757,1.000000,Transmission,Mk10,06-Jun-2019,13:05:00,,,,934.0,90.50,,,,
ZcTag087,180757,1.000000,Transmission,Mk10,06-Jun-2019,13:10:00,,,,934.0,90.50,,,,
ZcTag087,180757,1.000000,Transmission,Mk10,06-Jun-2019,13:15:00,,,,623.0,86.50,,,,
ZcTag087,180757,1.000000,Transmission,Mk10,06-Jun-2019,13:20:00,,,,351.0,44.00,,,,
ZcTag087,180757,1.000000,Transmission,Mk10,06-Jun-2019,13:25:00,,,,10.0,10.00,,,,
ZcTag087,180757,1.000000,Transmission,Mk10,06-Jun-2019,13:30:00,,,,175.0,22.50,,,,
ZcTag087,180757,1.000000,Transmission,Mk10,06-Jun-2019,13:35:00,,,,273.0,43.00,,,,
ZcTag087,180757,1.000000,Transmission,Mk10,06-Jun-2019,13:40:00,,,,351.0,44.00,,,,
ZcTag087,180757,1.000000,Transmission,Mk10,06-Jun-2019,13:45:00,,,,351.0,44.00,,,,
ZcTag087,180757,1.000000,Transmission,Mk10,06-Jun-2019,13:50:00,,,,175.0,22.50,,,,
ZcTag087,180757,1.000000,Transmission,Mk10,06-Jun-2019,13:55:00,,,,10.0,10.00,,,,
ZcTag087,180757,1.000000,Transmission,Mk10,06-Jun-2019,14:00:00,,,,273.0,43.00,,,,
ZcTag087,180757,1.000000,Transmission,Mk10,06-Jun-2019,14:05:00,,,,351.0,44.00,,,,
ZcTag087,180757,1.000000,Transmission,Mk10,06-Jun-2019,14:10:00,,,,351.0,44.00,,,,
ZcTag087,180757,1.000000,Transmission,Mk10,06-Jun-2019,14:15:00,,,,273.0,43.00,,,,
ZcTag087,180757,1.000000,Transmission,Mk10,06-Jun-2019,14:20:00,,,,97.0,21.50,,,,
ZcTag087,180757,1.000000,Transmission,Mk10,06-Jun-2019,14:25:00,,,,136.0,21.50,,,,
ZcTag087,180757,1.000000,Transmission,Mk10,06-Jun-2019,14:30:00,,,,273.0,43.00,,,,
ZcTag087,180757,1.000000,Transmission,Mk10,06-Jun-2019,14:35:00,,,,351.0,44.00,,,,
ZcTag087,180757,1.000000,Transmission,Mk10,06-Jun-2019,14:40:00,,,,351.0,44.00,,,,
ZcTag087,180757,1.000000,Transmission,Mk10,06-Jun-2019,14:45:00,,,,175.0,22.50,,,,
ZcTag087,180757,1.000000,Transmission,Mk10,06-Jun-2019,14:50:00,,,,10.0,10.00,,,,
ZcTag087,180757,1.000000,Transmission,Mk10,06-Jun-2019,14:55:00,,,,214.0,22.50,,,,
ZcTag087,180757,1.000000,Transmission,Mk10,06-Jun-2019,15:00:00,,,,273.0,43.00,,,,
ZcTag087,180757,1.000000,Transmission,Mk10,06-Jun-2019,15:05:00,,,,273.0,43.00,,,,
ZcTag087,180757,1.000000,Transmission,Mk10,06-Jun-2019,15:10:00,,,,273.0,43.00,,,,
ZcTag087,180757,1.000000,Transmission,Mk10,06-Jun-2019,15:15:00,,,,214.0,22.50,,,,
ZcTag087,180757,1.000000,Transmission,Mk10,06-Jun-2019,15:20:00,,,,97.0,21.50,,,,
ZcTag087,180757,1.000000,Transmission,Mk10,06-Jun-2019,15:25:00,,,,29.0,10.50,,,,
ZcTag087,180757,1.000000,Transmission,Mk10,06-Jun-2019,15:30:00,,,,175.0,22.50,,,,
ZcTag087,180757,1.000000,Transmission,Mk10,06-Jun-2019,15:35:00,,,,214.0,22.50,,,,
ZcTag087,180757,1.000000,Transmission,Mk10,06-Jun-2019,15:40:00,,,,136.0,21.50,,,,
ZcTag087,180757,1.000000,Transmission,Mk10,06-Jun-2019,15:45:00,,,,10.0,10.00,,,,
ZcTag087,180757,1.000000,Transmission,Mk10,06-Jun-2019,15:50:00,,,,506.0,46.00,,,,
ZcTag087,180757,1.000000,Transmission,Mk10,06-Jun-2019,15:55:00,,,,1091.0,93.50,,,,
ZcTag087,180757,1.000000,Transmission,Mk10,06-Jun-2019,16:00:00,,,,1091.0,93.50,,,,
ZcTag087,180757,1.000000,Transmission,Mk10,06-Jun-2019,16:05:00,,,,934.0,90.50,,,,
ZcTag087,180757,1.000000,Transmission,Mk10,06-Jun-2019,16:10:00,,,,934.0,90.50,,,,
ZcTag087,180757,1.000000,Transmission,Mk10,06-Jun-2019,16:15:00,,,,934.0,90.50,,,,
ZcTag087,180757,1.000000,Transmission,Mk10,06-Jun-2019,16:20:00,,,,779.0,88.00,,,,
ZcTag087,180757,1.000000,Transmission,Mk10,06-Jun-2019,16:25:00,,,,623.0,86.50,,,,
ZcTag087,180757,1.000000,Transmission,Mk10,06-Jun-2019,16:30:00,,,,428.0,44.50,,,,
ZcTag087,180757,1.000000,Transmission,Mk10,06-Jun-2019,16:35:00,,,,175.0,22.50,,,,
ZcTag087,180757,1.000000,Transmission,Mk10,06-Jun-2019,16:40:00,,,,10.0,10.00,,,,
ZcTag087,180757,1.000000,Transmission,Mk10,06-Jun-2019,16:45:00,,,,214.0,22.50,,,,
ZcTag087,180757,1.000000,Transmission,Mk10,06-Jun-2019,16:50:00,,,,273.0,43.00,,,,
ZcTag087,180757,1.000000,Transmission,Mk10,06-Jun-2019,16:55:00,,,,273.0,43.00,,,,
ZcTag087,180757,1.000000,Transmission,Mk10,06-Jun-2019,17:00:00,,,,175.0,22.50,,,,
ZcTag087,180757,1.000000,Transmission,Mk10,06-Jun-2019,17:05:00,,,,10.0,10.00,,,,
ZcTag087,180757,1.000000,Transmission,Mk10,06-Jun-2019,17:10:00,,,,175.0,22.50,,,,
ZcTag087,180757,1.000000,Transmission,Mk10,06-Jun-2019,17:15:00,,,,273.0,43.00,,,,
ZcTag087,180757,1.000000,Transmission,Mk10,06-Jun-2019,17:20:00,,,,273.0,43.00,,,,
ZcTag087,180757,1.000000,Transmission,Mk10,06-Jun-2019,17:25:00,,,,273.0,43.00,,,,
ZcTag087,180757,1.000000,Transmission,Mk10,06-Jun-2019,17:30:00,,,,97.0,21.50,,,,
ZcTag087,180757,1.000000,Transmission,Mk10,06-Jun-2019,17:35:00,,,,49.0,11.00,,,,
ZcTag087,180757,1.000000,Transmission,Mk10,06-Jun-2019,17:40:00,,,,273.0,43.00,,,,
ZcTag087,180757,1.000000,Transmission,Mk10,06-Jun-2019,17:45:00,,,,273.0,43.00,,,,
ZcTag087,180757,1.000000,Transmission,Mk10,06-Jun-2019,17:50:00,,,,273.0,43.00,,,,
ZcTag087,180757,1.000000,Transmission,Mk10,06-Jun-2019,17:55:00,,,,273.0,43.00,,,,
ZcTag087,180757,1.000000,Transmission,Mk10,06-Jun-2019,18:00:00,,,,29.0,10.50,,,,
ZcTag087,180757,1.000000,Transmission,Mk10,06-Jun-2019,18:05:00,,,,136.0,21.50,,,,
ZcTag087,180757,1.000000,Transmission,Mk10,06-Jun-2019,18:10:00,,,,214.0,22.50,,,,
ZcTag087,180757,1.000000,Transmission,Mk10,06-Jun-2019,18:15:00,,,,273.0,43.00,,,,
ZcTag087,180757,1.000000,Transmission,Mk10,06-Jun-2019,18:20:00,,,,214.0,22.50,,,,
ZcTag087,180757,1.000000,Transmission,Mk10,06-Jun-2019,18:25:00,,,,136.0,21.50,,,,
ZcTag087,180757,1.000000,Transmission,Mk10,06-Jun-2019,18:30:00,,,,29.0,10.50,,,,
ZcTag087,180757,1.000000,Transmission,Mk10,06-Jun-2019,18:35:00,,,,273.0,43.00,,,,
ZcTag087,180757,1.000000,Transmission,Mk10,06-Jun-2019,18:40:00,,,,273.0,43.00,,,,
ZcTag087,180757,1.000000,Transmission,Mk10,06-Jun-2019,18:45:00,,,,273.0,43.00,,,,
ZcTag087,180757,1.000000,Transmission,Mk10,06-Jun-2019,18:50:00,,,,273.0,43.00,,,,
ZcTag087,180757,1.000000,Transmission,Mk10,06-Jun-2019,18:55:00,,,,136.0,21.50,,,,
ZcTag087,180757,1.000000,Transmission,Mk10,06-Jun-2019,19:00:00,,,,29.0,10.50,,,,
ZcTag087,180757,1.000000,Transmission,Mk10,06-Jun-2019,19:05:00,,,,273.0,43.00,,,,
ZcTag087,180757,1.000000,Transmission,Mk10,06-Jun-2019,19:10:00,,,,273.0,43.00,,,,
ZcTag087,180757,1.000000,Transmission,Mk10,06-Jun-2019,19:15:00,,,,273.0,43.00,,,,
ZcTag087,180757,1.000000,Transmission,Mk10,06-Jun-2019,19:20:00,,,,10.0,10.00,,,,
ZcTag087,180757,1.000000,Transmission,Mk10,06-Jun-2019,19:25:00,,,,10.0,10.00,,,,
ZcTag087,180757,1.000000,Transmission,Mk10,06-Jun-2019,19:30:00,,,,428.0,44.50,,,,
ZcTag087,180757,1.000000,Transmission,Mk10,06-Jun-2019,19:35:00,,,,934.0,90.50,,,,
ZcTag087,180757,1.000000,Transmission,Mk10,06-Jun-2019,19:40:00,,,,1091.0,93.50,,,,
ZcTag087,180757,1.000000,Transmission,Mk10,06-Jun-2019,19:45:00,,,,1091.0,93.50,,,,
ZcTag087,180757,1.000000,Transmission,Mk10,06-Jun-2019,19:50:00,,,,1091.0,93.50,,,,
ZcTag087,180757,1.000000,Transmission,Mk10,06-Jun-2019,19:55:00,,,,934.0,90.50,,,,
ZcTag087,180757,1.000000,Transmission,Mk10,06-Jun-2019,20:00:00,,,,812.0,110.00,,,,
ZcTag087,180757,1.000000,Transmission,Mk10,06-Jun-2019,20:05:00,,,,812.0,110.00,,,,
ZcTag087,180757,1.000000,Transmission,Mk10,06-Jun-2019,20:10:00,,,,558.0,56.50,,,,
ZcTag087,180757,1.000000,Transmission,Mk10,06-Jun-2019,20:15:00,,,,355.0,54.50,,,,
ZcTag087,180757,1.000000,Transmission,Mk10,06-Jun-2019,20:20:00,,,,13.0,13.00,,,,
ZcTag087,180757,1.000000,Transmission,Mk10,06-Jun-2019,20:25:00,,,,127.0,27.00,,,,
ZcTag087,180757,1.000000,Transmission,Mk10,06-Jun-2019,20:30:00,,,,355.0,54.50,,,,
ZcTag087,180757,1.000000,Transmission,Mk10,06-Jun-2019,20:35:00,,,,355.0,54.50,,,,
ZcTag087,180757,1.000000,Transmission,Mk10,06-Jun-2019,20:40:00,,,,355.0,54.50,,,,
ZcTag087,180757,1.000000,Transmission,Mk10,06-Jun-2019,20:45:00,,,,355.0,54.50,,,,
ZcTag087,180757,1.000000,Transmission,Mk10,06-Jun-2019,20:50:00,,,,279.0,28.50,,,,
ZcTag087,180757,1.000000,Transmission,Mk10,06-Jun-2019,20:55:00,,,,13.0,13.00,,,,
ZcTag087,180757,1.000000,Transmission,Mk10,06-Jun-2019,21:00:00,,,,127.0,27.00,,,,
ZcTag087,180757,1.000000,Transmission,Mk10,06-Jun-2019,21:05:00,,,,279.0,28.50,,,,
ZcTag087,180757,1.000000,Transmission,Mk10,06-Jun-2019,21:10:00,,,,355.0,54.50,,,,
ZcTag087,180757,1.000000,Transmission,Mk10,06-Jun-2019,21:15:00,,,,355.0,54.50,,,,
ZcTag087,180757,1.000000,Transmission,Mk10,06-Jun-2019,21:20:00,,,,63.0,13.50,,,,
ZcTag087,180757,1.000000,Transmission,Mk10,06-Jun-2019,21:25:00,,,,63.0,13.50,,,,
ZcTag087,180757,1.000000,Transmission,Mk10,06-Jun-2019,21:30:00,,,,279.0,28.50,,,,
ZcTag087,180757,1.000000,Transmission,Mk10,06-Jun-2019,21:35:00,,,,355.0,54.50,,,,
ZcTag087,180757,1.000000,Transmission,Mk10,06-Jun-2019,21:40:00,,,,279.0,28.50,,,,
ZcTag087,180757,1.000000,Transmission,Mk10,06-Jun-2019,21:45:00,,,,177.0,27.50,,,,
ZcTag087,180757,1.000000,Transmission,Mk10,06-Jun-2019,21:50:00,,,,13.0,13.00,,,,
ZcTag087,180757,1.000000,Transmission,Mk10,06-Jun-2019,21:55:00,,,,127.0,27.00,,,,
ZcTag087,180757,1.000000,Transmission,Mk10,06-Jun-2019,22:00:00,,,,228.0,28.50,,,,
ZcTag087,180757,1.000000,Transmission,Mk10,06-Jun-2019,22:05:00,,,,228.0,28.50,,,,
ZcTag087,180757,1.000000,Transmission,Mk10,06-Jun-2019,22:10:00,,,,89.0,14.00,,,,
ZcTag087,180757,1.000000,Transmission,Mk10,06-Jun-2019,22:15:00,,,,13.0,13.00,,,,
ZcTag087,180757,1.000000,Transmission,Mk10,06-Jun-2019,22:20:00,,,,355.0,54.50,,,,
ZcTag087,180757,1.000000,Transmission,Mk10,06-Jun-2019,22:25:00,,,,812.0,110.00,,,,
ZcTag087,180757,1.000000,Transmission,Mk10,06-Jun-2019,22:30:00,,,,1421.0,116.00,,,,
ZcTag087,180757,1.000000,Transmission,Mk10,06-Jun-2019,22:35:00,,,,1421.0,116.00,,,,
ZcTag087,180757,1.000000,Transmission,Mk10,06-Jun-2019,22:40:00,,,,1421.0,116.00,,,,
ZcTag087,180757,1.000000,Transmission,Mk10,06-Jun-2019,22:45:00,,,,1218.0,114.00,,,,
ZcTag087,180757,1.000000,Transmission,Mk10,06-Jun-2019,22:50:00,,,,812.0,110.00,,,,
ZcTag087,180757,1.000000,Transmission,Mk10,06-Jun-2019,22:55:00,,,,558.0,56.50,,,,
ZcTag087,180757,1.000000,Transmission,Mk10,06-Jun-2019,23:00:00,,,,355.0,54.50,,,,
ZcTag087,180757,1.000000,Transmission,Mk10,06-Jun-2019,23:05:00,,,,127.0,27.00,,,,
ZcTag087,180757,1.000000,Transmission,Mk10,06-Jun-2019,23:10:00,,,,38.0,13.50,,,,
ZcTag087,180757,1.000000,Transmission,Mk10,06-Jun-2019,23:15:00,,,,279.0,28.50,,,,
ZcTag087,180757,1.000000,Transmission,Mk10,06-Jun-2019,23:20:00,,,,355.0,54.50,,,,
ZcTag087,180757,1.000000,Transmission,Mk10,06-Jun-2019,23:25:00,,,,279.0,28.50,,,,
ZcTag087,180757,1.000000,Transmission,Mk10,06-Jun-2019,23:30:00,,,,177.0,27.50,,,,
ZcTag087,180757,1.000000,Transmission,Mk10,06-Jun-2019,23:35:00,,,,13.0,13.00,,,,
ZcTag087,180757,1.000000,Transmission,Mk10,06-Jun-2019,23:40:00,,,,177.0,27.50,,,,
ZcTag087,180757,1.000000,Transmission,Mk10,06-Jun-2019,23:45:00,,,,279.0,28.50,,,,
ZcTag087,180757,1.000000,Transmission,Mk10,06-Jun-2019,23:50:00,,,,228.0,28.50,,,,
ZcTag087,180757,1.000000,Transmission,Mk10,06-Jun-2019,23:55:00,,,,38.0,13.50,,,,
ZcTag087,180757,1.000000,Transmission,Mk10,07-Jun-2019,00:00:00,,,,129.0,27.50,,,,
ZcTag087,180757,1.000000,Transmission,Mk10,07-Jun-2019,00:05:00,,,,285.0,29.00,,,,
ZcTag087,180757,1.000000,Transmission,Mk10,07-Jun-2019,00:10:00,,,,233.0,29.00,,,,
ZcTag087,180757,1.000000,Transmission,Mk10,07-Jun-2019,00:15:00,,,,181.0,28.00,,,,
ZcTag087,180757,1.000000,Transmission,Mk10,07-Jun-2019,00:20:00,,,,13.0,13.50,,,,
ZcTag087,180757,1.000000,Transmission,Mk10,07-Jun-2019,00:25:00,,,,13.0,13.50,,,,
ZcTag087,180757,1.000000,Transmission,Mk10,07-Jun-2019,00:30:00,,,,569.0,57.50,,,,
ZcTag087,180757,1.000000,Transmission,Mk10,07-Jun-2019,00:35:00,,,,1035.0,114.00,,,,
ZcTag087,180757,1.000000,Transmission,Mk10,07-Jun-2019,00:40:00,,,,1450.0,119.00,,,,
ZcTag087,180757,1.000000,Transmission,Mk10,07-Jun-2019,00:45:00,,,,1450.0,119.00,,,,
ZcTag087,180757,1.000000,Transmission,Mk10,07-Jun-2019,00:50:00,,,,1450.0,119.00,,,,
ZcTag087,180757,1.000000,Transmission,Mk10,07-Jun-2019,00:55:00,,,,1242.0,116.00,,,,
ZcTag087,180757,1.000000,Transmission,Mk10,07-Jun-2019,01:00:00,,,,828.0,112.00,,,,
ZcTag087,180757,1.000000,Transmission,Mk10,07-Jun-2019,01:05:00,,,,569.0,57.50,,,,
ZcTag087,180757,1.000000,Transmission,Mk10,07-Jun-2019,01:10:00,,,,362.0,55.50,,,,
ZcTag087,180757,1.000000,Transmission,Mk10,07-Jun-2019,01:15:00,,,,39.0,14.00,,,,
ZcTag087,180757,1.000000,Transmission,Mk10,07-Jun-2019,01:20:00,,,,65.0,14.00,,,,
ZcTag087,180757,1.000000,Transmission,Mk10,07-Jun-2019,01:25:00,,,,181.0,28.00,,,,
ZcTag087,180757,1.000000,Transmission,Mk10,07-Jun-2019,01:30:00,,,,129.0,27.50,,,,
ZcTag087,180757,1.000000,Transmission,Mk10,07-Jun-2019,01:35:00,,,,13.0,13.50,,,,
ZcTag087,180757,1.000000,Transmission,Mk10,07-Jun-2019,01:40:00,,,,129.0,27.50,,,,
ZcTag087,180757,1.000000,Transmission,Mk10,07-Jun-2019,01:45:00,,,,181.0,28.00,,,,
ZcTag087,180757,1.000000,Transmission,Mk10,07-Jun-2019,01:50:00,,,,90.0,14.50,,,,
ZcTag087,180757,1.000000,Transmission,Mk10,07-Jun-2019,01:55:00,,,,13.0,13.50,,,,
ZcTag087,180757,1.000000,Transmission,Mk10,07-Jun-2019,02:00:00,,,,129.0,27.50,,,,
ZcTag087,180757,1.000000,Transmission,Mk10,07-Jun-2019,02:05:00,,,,129.0,27.50,,,,
ZcTag087,180757,1.000000,Transmission,Mk10,07-Jun-2019,02:10:00,,,,65.0,14.00,,,,
ZcTag087,180757,1.000000,Transmission,Mk10,07-Jun-2019,02:15:00,,,,13.0,13.50,,,,
ZcTag087,180757,1.000000,Transmission,Mk10,07-Jun-2019,02:20:00,,,,129.0,27.50,,,,
ZcTag087,180757,1.000000,Transmission,Mk10,07-Jun-2019,02:25:00,,,,129.0,27.50,,,,
ZcTag087,180757,1.000000,Transmission,Mk10,07-Jun-2019,02:30:00,,,,65.0,14.00,,,,
ZcTag087,180757,1.000000,Transmission,Mk10,07-Jun-2019,02:35:00,,,,13.0,13.50,,,,
ZcTag087,180757,1.000000,Transmission,Mk10,07-Jun-2019,02:40:00,,,,129.0,27.50,,,,
ZcTag087,180757,1.000000,Transmission,Mk10,07-Jun-2019,02:45:00,,,,129.0,27.50,,,,
ZcTag087,180757,1.000000,Transmission,Mk10,07-Jun-2019,02:50:00,,,,39.0,14.00,,,,
ZcTag087,180757,1.000000,Transmission,Mk10,07-Jun-2019,02:55:00,,,,13.0,13.50,,,,
ZcTag087,180757,1.000000,Transmission,Mk10,07-Jun-2019,03:00:00,,,,13.0,13.50,,,,
ZcTag087,180757,1.000000,Transmission,Mk10,07-Jun-2019,03:05:00,,,,569.0,57.50,,,,
ZcTag087,180757,1.000000,Transmission,Mk10,07-Jun-2019,03:10:00,,,,1035.0,114.00,,,,
ZcTag087,180757,1.000000,Transmission,Mk10,07-Jun-2019,03:15:00,,,,828.0,112.00,,,,
ZcTag087,180757,1.000000,Transmission,Mk10,07-Jun-2019,03:20:00,,,,466.0,57.00,,,,
ZcTag087,180757,1.000000,Transmission,Mk10,07-Jun-2019,03:25:00,,,,233.0,29.00,,,,
ZcTag087,180757,1.000000,Transmission,Mk10,07-Jun-2019,03:30:00,,,,13.0,13.50,,,,
ZcTag087,180757,1.000000,Transmission,Mk10,07-Jun-2019,03:35:00,,,,13.0,13.50,,,,
ZcTag087,180757,1.000000,Transmission,Mk10,07-Jun-2019,03:40:00,,,,13.0,13.50,,,,
ZcTag087,180757,1.000000,Transmission,Mk10,07-Jun-2019,03:45:00,,,,13.0,13.50,,,,
ZcTag087,180757,1.000000,Transmission,Mk10,07-Jun-2019,03:50:00,,,,13.0,13.50,,,,
ZcTag087,180757,1.000000,Transmission,Mk10,07-Jun-2019,03:55:00,,,,13.0,13.50,,,,
ZcTag087,180757,1.000000,Transmission,Mk10,07-Jun-2019,04:00:00,,,,13.0,13.50,,,,
ZcTag087,180757,1.000000,Transmission,Mk10,07-Jun-2019,04:05:00,,,,39.0,14.00,,,,
ZcTag087,180757,1.000000,Transmission,Mk10,07-Jun-2019,04:10:00,,,,13.0,13.50,,,,
ZcTag087,180757,1.000000,Transmission,Mk10,07-Jun-2019,04:15:00,,,,13.0,13.50,,,,
ZcTag087,180757,1.000000,Transmission,Mk10,07-Jun-2019,04:20:00,,,,39.0,14.00,,,,
ZcTag087,180757,1.000000,Transmission,Mk10,07-Jun-2019,04:25:00,,,,13.0,13.50,,,,
ZcTag087,180757,1.000000,Transmission,Mk10,07-Jun-2019,04:30:00,,,,13.0,13.50,,,,
ZcTag087,180757,1.000000,Transmission,Mk10,07-Jun-2019,04:35:00,,,,13.0,13.50,,,,
ZcTag087,180757,1.000000,Transmission,Mk10,07-Jun-2019,04:40:00,,,,181.0,28.00,,,,
ZcTag087,180757,1.000000,Transmission,Mk10,07-Jun-2019,04:45:00,,,,233.0,29.00,,,,
ZcTag087,180757,1.000000,Transmission,Mk10,07-Jun-2019,04:50:00,,,,233.0,29.00,,,,
ZcTag087,180757,1.000000,Transmission,Mk10,07-Jun-2019,04:55:00,,,,65.0,14.00,,,,
ZcTag087,180757,1.000000,Transmission,Mk10,07-Jun-2019,05:00:00,,,,13.0,13.50,,,,
ZcTag087,180757,1.000000,Transmission,Mk10,07-Jun-2019,05:05:00,,,,362.0,55.50,,,,
ZcTag087,180757,1.000000,Transmission,Mk10,07-Jun-2019,05:10:00,,,,828.0,112.00,,,,
ZcTag087,180757,1.000000,Transmission,Mk10,07-Jun-2019,05:15:00,,,,1450.0,119.00,,,,
ZcTag087,180757,1.000000,Transmission,Mk10,07-Jun-2019,05:20:00,,,,1450.0,119.00,,,,
ZcTag087,180757,1.000000,Transmission,Mk10,07-Jun-2019,05:25:00,,,,1450.0,119.00,,,,
ZcTag087,180757,1.000000,Transmission,Mk10,07-Jun-2019,05:30:00,,,,1035.0,114.00,,,,
ZcTag087,180757,1.000000,Transmission,Mk10,07-Jun-2019,05:35:00,,,,828.0,112.00,,,,
ZcTag087,180757,1.000000,Transmission,Mk10,07-Jun-2019,05:40:00,,,,569.0,57.50,,,,
ZcTag087,180757,1.000000,Transmission,Mk10,07-Jun-2019,05:45:00,,,,362.0,55.50,,,,
ZcTag087,180757,1.000000,Transmission,Mk10,07-Jun-2019,05:50:00,,,,129.0,27.50,,,,
ZcTag087,180757,1.000000,Transmission,Mk10,07-Jun-2019,05:55:00,,,,13.0,13.50,,,,
ZcTag087,180757,1.000000,Transmission,Mk10,07-Jun-2019,06:00:00,,,,233.0,29.00,,,,
ZcTag087,180757,1.000000,Transmission,Mk10,07-Jun-2019,06:05:00,,,,233.0,29.00,,,,
ZcTag087,180757,1.000000,Transmission,Mk10,07-Jun-2019,06:10:00,,,,129.0,27.50,,,,
ZcTag087,180757,1.000000,Transmission,Mk10,07-Jun-2019,06:15:00,,,,13.0,13.50,,,,
ZcTag087,180757,1.000000,Transmission,Mk10,07-Jun-2019,06:20:00,,,,129.0,27.50,,,,
ZcTag087,180757,1.000000,Transmission,Mk10,07-Jun-2019,06:25:00,,,,285.0,29.00,,,,
ZcTag087,180757,1.000000,Transmission,Mk10,07-Jun-2019,06:30:00,,,,285.0,29.00,,,,
ZcTag087,180757,1.000000,Transmission,Mk10,07-Jun-2019,06:35:00,,,,362.0,55.50,,,,
ZcTag087,180757,1.000000,Transmission,Mk10,07-Jun-2019,06:40:00,,,,362.0,55.50,,,,
ZcTag087,180757,1.000000,Transmission,Mk10,07-Jun-2019,06:45:00,,,,233.0,29.00,,,,
ZcTag087,180757,1.000000,Transmission,Mk10,07-Jun-2019,06:50:00,,,,13.0,13.50,,,,
ZcTag087,180757,1.000000,Transmission,Mk10,07-Jun-2019,06:55:00,,,,129.0,27.50,,,,
ZcTag087,180757,1.000000,Transmission,Mk10,07-Jun-2019,07:00:00,,,,285.0,29.00,,,,
ZcTag087,180757,1.000000,Transmission,Mk10,07-Jun-2019,07:05:00,,,,285.0,29.00,,,,
ZcTag087,180757,1.000000,Transmission,Mk10,07-Jun-2019,07:10:00,,,,129.0,27.50,,,,
ZcTag087,180757,1.000000,Transmission,Mk10,07-Jun-2019,07:15:00,,,,13.0,13.50,,,,
ZcTag087,180757,1.000000,Transmission,Mk10,07-Jun-2019,07:20:00,,,,466.0,57.00,,,,
ZcTag087,180757,1.000000,Transmission,Mk10,07-Jun-2019,07:25:00,,,,1035.0,114.00,,,,
ZcTag087,180757,1.000000,Transmission,Mk10,07-Jun-2019,07:30:00,,,,1450.0,119.00,,,,
ZcTag087,180757,1.000000,Transmission,Mk10,07-Jun-2019,07:35:00,,,,1450.0,119.00,,,,
ZcTag087,180757,1.000000,Transmission,Mk10,07-Jun-2019,07:40:00,,,,1450.0,119.00,,,,
ZcTag087,180757,1.000000,Transmission,Mk10,07-Jun-2019,07:45:00,,,,1035.0,114.00,,,,
ZcTag087,180757,1.000000,Transmission,Mk10,07-Jun-2019,07:50:00,,,,828.0,112.00,,,,
ZcTag087,180757,1.000000,Transmission,Mk10,07-Jun-2019,07:55:00,,,,569.0,57.50,,,,
ZcTag087,180757,1.000000,Transmission,Mk10,07-Jun-2019,08:00:00,,,,326.0,33.00,,,,
ZcTag087,180757,1.000000,Transmission,Mk10,07-Jun-2019,08:05:00,,,,74.0,16.00,,,,
ZcTag087,180757,1.000000,Transmission,Mk10,07-Jun-2019,08:10:00,,,,15.0,15.00,,,,
ZcTag087,180757,1.000000,Transmission,Mk10,07-Jun-2019,08:15:00,,,,207.0,32.50,,,,
ZcTag087,180757,1.000000,Transmission,Mk10,07-Jun-2019,08:20:00,,,,103.0,16.50,,,,
ZcTag087,180757,1.000000,Transmission,Mk10,07-Jun-2019,08:25:00,,,,15.0,15.00,,,,
ZcTag087,180757,1.000000,Transmission,Mk10,07-Jun-2019,08:30:00,,,,103.0,16.50,,,,
ZcTag087,180757,1.000000,Transmission,Mk10,07-Jun-2019,08:35:00,,,,148.0,31.50,,,,
ZcTag087,180757,1.000000,Transmission,Mk10,07-Jun-2019,08:40:00,,,,44.0,15.50,,,,
ZcTag087,180757,1.000000,Transmission,Mk10,07-Jun-2019,08:45:00,,,,15.0,15.00,,,,
ZcTag087,180757,1.000000,Transmission,Mk10,07-Jun-2019,08:50:00,,,,148.0,31.50,,,,
ZcTag087,180757,1.000000,Transmission,Mk10,07-Jun-2019,08:55:00,,,,267.0,33.00,,,,
ZcTag087,180757,1.000000,Transmission,Mk10,07-Jun-2019,09:00:00,,,,267.0,33.00,,,,
ZcTag087,180757,1.000000,Transmission,Mk10,07-Jun-2019,09:05:00,,,,267.0,33.00,,,,
ZcTag087,180757,1.000000,Transmission,Mk10,07-Jun-2019,09:10:00,,,,207.0,32.50,,,,
ZcTag087,180757,1.000000,Transmission,Mk10,07-Jun-2019,09:15:00,,,,148.0,31.50,,,,
ZcTag087,180757,1.000000,Transmission,Mk10,07-Jun-2019,09:20:00,,,,103.0,16.50,,,,
ZcTag087,180757,1.000000,Transmission,Mk10,07-Jun-2019,09:25:00,,,,15.0,15.00,,,,
ZcTag087,180757,1.000000,Transmission,Mk10,07-Jun-2019,09:30:00,,,,267.0,33.00,,,,
ZcTag087,180757,1.000000,Transmission,Mk10,07-Jun-2019,09:35:00,,,,415.0,64.00,,,,
ZcTag087,180757,1.000000,Transmission,Mk10,07-Jun-2019,09:40:00,,,,326.0,33.00,,,,
ZcTag087,180757,1.000000,Transmission,Mk10,07-Jun-2019,09:45:00,,,,326.0,33.00,,,,
ZcTag087,180757,1.000000,Transmission,Mk10,07-Jun-2019,09:50:00,,,,267.0,33.00,,,,
ZcTag087,180757,1.000000,Transmission,Mk10,07-Jun-2019,09:55:00,,,,148.0,31.50,,,,
ZcTag087,180757,1.000000,Transmission,Mk10,07-Jun-2019,10:00:00,,,,15.0,15.00,,,,
ZcTag087,180757,1.000000,Transmission,Mk10,07-Jun-2019,10:05:00,,,,326.0,33.00,,,,
ZcTag087,180757,1.000000,Transmission,Mk10,07-Jun-2019,10:10:00,,,,326.0,33.00,,,,
ZcTag087,180757,1.000000,Transmission,Mk10,07-Jun-2019,10:15:00,,,,267.0,33.00,,,,
ZcTag087,180757,1.000000,Transmission,Mk10,07-Jun-2019,10:20:00,,,,74.0,16.00,,,,
ZcTag087,180757,1.000000,Transmission,Mk10,07-Jun-2019,10:25:00,,,,15.0,15.00,,,,
ZcTag087,180757,1.000000,Transmission,Mk10,07-Jun-2019,10:30:00,,,,533.0,65.50,,,,
ZcTag087,180757,1.000000,Transmission,Mk10,07-Jun-2019,10:35:00,,,,1185.0,131.00,,,,
ZcTag087,180757,1.000000,Transmission,Mk10,07-Jun-2019,10:40:00,,,,1422.0,133.00,,,,
ZcTag087,180757,1.000000,Transmission,Mk10,07-Jun-2019,10:45:00,,,,1659.0,136.00,,,,
ZcTag087,180757,1.000000,Transmission,Mk10,07-Jun-2019,10:50:00,,,,1659.0,136.00,,,,
ZcTag087,180757,1.000000,Transmission,Mk10,07-Jun-2019,10:55:00,,,,1422.0,133.00,,,,
ZcTag087,180757,1.000000,Transmission,Mk10,07-Jun-2019,11:00:00,,,,1185.0,131.00,,,,
ZcTag087,180757,1.000000,Transmission,Mk10,07-Jun-2019,11:05:00,,,,948.0,128.50,,,,
ZcTag087,180757,1.000000,Transmission,Mk10,07-Jun-2019,11:10:00,,,,652.0,66.00,,,,
ZcTag087,180757,1.000000,Transmission,Mk10,07-Jun-2019,11:15:00,,,,415.0,64.00,,,,
ZcTag087,180757,1.000000,Transmission,Mk10,07-Jun-2019,11:20:00,,,,267.0,33.00,,,,
ZcTag087,180757,1.000000,Transmission,Mk10,07-Jun-2019,11:25:00,,,,15.0,15.00,,,,
ZcTag087,180757,1.000000,Transmission,Mk10,07-Jun-2019,11:30:00,,,,267.0,33.00,,,,
ZcTag087,180757,1.000000,Transmission,Mk10,07-Jun-2019,11:35:00,,,,326.0,33.00,,,,
ZcTag087,180757,1.000000,Transmission,Mk10,07-Jun-2019,11:40:00,,,,326.0,33.00,,,,
ZcTag087,180757,1.000000,Transmission,Mk10,07-Jun-2019,11:45:00,,,,267.0,33.00,,,,
ZcTag087,180757,1.000000,Transmission,Mk10,07-Jun-2019,11:50:00,,,,148.0,31.50,,,,
ZcTag087,180757,1.000000,Transmission,Mk10,07-Jun-2019,11:55:00,,,,15.0,15.00,,,,
ZcTag087,180757,1.000000,Transmission,Mk10,07-Jun-2019,12:00:00,,,,262.0,27.00,,,,
ZcTag087,180757,1.000000,Transmission,Mk10,07-Jun-2019,12:05:00,,,,761.0,103.50,,,,
ZcTag087,180757,1.000000,Transmission,Mk10,07-Jun-2019,12:10:00,,,,1141.0,107.50,,,,
ZcTag087,180757,1.000000,Transmission,Mk10,07-Jun-2019,12:15:00,,,,1141.0,107.50,,,,
ZcTag087,180757,1.000000,Transmission,Mk10,07-Jun-2019,12:20:00,,,,1141.0,107.50,,,,
ZcTag087,180757,1.000000,Transmission,Mk10,07-Jun-2019,12:25:00,,,,1141.0,107.50,,,,
ZcTag087,180757,1.000000,Transmission,Mk10,07-Jun-2019,12:30:00,,,,951.0,105.50,,,,
ZcTag087,180757,1.000000,Transmission,Mk10,07-Jun-2019,12:35:00,,,,761.0,103.50,,,,
ZcTag087,180757,1.000000,Transmission,Mk10,07-Jun-2019,12:40:00,,,,523.0,53.50,,,,
ZcTag087,180757,1.000000,Transmission,Mk10,07-Jun-2019,12:45:00,,,,333.0,51.50,,,,
ZcTag087,180757,1.000000,Transmission,Mk10,07-Jun-2019,12:50:00,,,,60.0,13.00,,,,
ZcTag087,180757,1.000000,Transmission,Mk10,07-Jun-2019,12:55:00,,,,119.0,25.50,,,,
ZcTag087,180757,1.000000,Transmission,Mk10,07-Jun-2019,13:00:00,,,,333.0,51.50,,,,
ZcTag087,180757,1.000000,Transmission,Mk10,07-Jun-2019,13:05:00,,,,333.0,51.50,,,,
ZcTag087,180757,1.000000,Transmission,Mk10,07-Jun-2019,13:10:00,,,,333.0,51.50,,,,
ZcTag087,180757,1.000000,Transmission,Mk10,07-Jun-2019,13:15:00,,,,214.0,26.50,,,,
ZcTag087,180757,1.000000,Transmission,Mk10,07-Jun-2019,13:20:00,,,,12.0,12.50,,,,
ZcTag087,180757,1.000000,Transmission,Mk10,07-Jun-2019,13:25:00,,,,262.0,27.00,,,,
ZcTag087,180757,1.000000,Transmission,Mk10,07-Jun-2019,13:30:00,,,,333.0,51.50,,,,
ZcTag087,180757,1.000000,Transmission,Mk10,07-Jun-2019,13:35:00,,,,333.0,51.50,,,,
ZcTag087,180757,1.000000,Transmission,Mk10,07-Jun-2019,13:40:00,,,,36.0,13.00,,,,
ZcTag087,180757,1.000000,Transmission,Mk10,07-Jun-2019,13:45:00,,,,167.0,26.00,,,,
ZcTag087,180757,1.000000,Transmission,Mk10,07-Jun-2019,13:50:00,,,,214.0,26.50,,,,
ZcTag087,180757,1.000000,Transmission,Mk10,07-Jun-2019,13:55:00,,,,167.0,26.00,,,,
ZcTag087,180757,1.000000,Transmission,Mk10,07-Jun-2019,14:00:00,,,,12.0,12.50,,,,
ZcTag087,180757,1.000000,Transmission,Mk10,07-Jun-2019,14:05:00,,,,262.0,27.00,,,,
ZcTag087,180757,1.000000,Transmission,Mk10,07-Jun-2019,14:10:00,,,,761.0,103.50,,,,
ZcTag087,180757,1.000000,Transmission,Mk10,07-Jun-2019,14:15:00,,,,1141.0,107.50,,,,
ZcTag087,180757,1.000000,Transmission,Mk10,07-Jun-2019,14:20:00,,,,1141.0,107.50,,,,
ZcTag087,180757,1.000000,Transmission,Mk10,07-Jun-2019,14:25:00,,,,1141.0,107.50,,,,
ZcTag087,180757,1.000000,Transmission,Mk10,07-Jun-2019,14:30:00,,,,951.0,105.50,,,,
ZcTag087,180757,1.000000,Transmission,Mk10,07-Jun-2019,14:35:00,,,,761.0,103.50,,,,
ZcTag087,180757,1.000000,Transmission,Mk10,07-Jun-2019,14:40:00,,,,523.0,53.50,,,,
ZcTag087,180757,1.000000,Transmission,Mk10,07-Jun-2019,14:45:00,,,,333.0,51.50,,,,
ZcTag087,180757,1.000000,Transmission,Mk10,07-Jun-2019,14:50:00,,,,262.0,27.00,,,,
ZcTag087,180757,1.000000,Transmission,Mk10,07-Jun-2019,14:55:00,,,,12.0,12.50,,,,
ZcTag087,180757,1.000000,Transmission,Mk10,07-Jun-2019,15:00:00,,,,333.0,51.50,,,,
ZcTag087,180757,1.000000,Transmission,Mk10,07-Jun-2019,15:05:00,,,,333.0,51.50,,,,
ZcTag087,180757,1.000000,Transmission,Mk10,07-Jun-2019,15:10:00,,,,333.0,51.50,,,,
ZcTag087,180757,1.000000,Transmission,Mk10,07-Jun-2019,15:15:00,,,,333.0,51.50,,,,
ZcTag087,180757,1.000000,Transmission,Mk10,07-Jun-2019,15:20:00,,,,761.0,103.50,,,,
ZcTag087,180757,1.000000,Transmission,Mk10,07-Jun-2019,15:25:00,,,,1141.0,107.50,,,,
ZcTag087,180757,1.000000,Transmission,Mk10,07-Jun-2019,15:30:00,,,,1141.0,107.50,,,,
ZcTag087,180757,1.000000,Transmission,Mk10,07-Jun-2019,15:35:00,,,,1331.0,109.50,,,,
ZcTag087,180757,1.000000,Transmission,Mk10,07-Jun-2019,15:40:00,,,,1331.0,109.50,,,,
ZcTag087,180757,1.000000,Transmission,Mk10,07-Jun-2019,15:45:00,,,,1331.0,109.50,,,,
ZcTag087,180757,1.000000,Transmission,Mk10,07-Jun-2019,15:50:00,,,,1331.0,109.50,,,,
ZcTag087,180757,1.000000,Transmission,Mk10,07-Jun-2019,15:55:00,,,,1331.0,109.50,,,,
ZcTag087,180757,1.000000,Transmission,Mk10,07-Jun-2019,16:00:00,,,,1421.0,116.00,,,,
ZcTag087,180757,1.000000,Transmission,Mk10,07-Jun-2019,16:05:00,,,,1421.0,116.00,,,,
ZcTag087,180757,1.000000,Transmission,Mk10,07-Jun-2019,16:10:00,,,,1421.0,116.00,,,,
ZcTag087,180757,1.000000,Transmission,Mk10,07-Jun-2019,16:15:00,,,,1421.0,116.00,,,,
ZcTag087,180757,1.000000,Transmission,Mk10,07-Jun-2019,16:20:00,,,,1218.0,114.00,,,,
ZcTag087,180757,1.000000,Transmission,Mk10,07-Jun-2019,16:25:00,,,,1015.0,112.00,,,,
ZcTag087,180757,1.000000,Transmission,Mk10,07-Jun-2019,16:30:00,,,,812.0,110.00,,,,
ZcTag087,180757,1.000000,Transmission,Mk10,07-Jun-2019,16:35:00,,,,558.0,56.50,,,,
ZcTag087,180757,1.000000,Transmission,Mk10,07-Jun-2019,16:40:00,,,,355.0,54.50,,,,
ZcTag087,180757,1.000000,Transmission,Mk10,07-Jun-2019,16:45:00,,,,177.0,27.50,,,,
ZcTag087,180757,1.000000,Transmission,Mk10,07-Jun-2019,16:50:00,,,,355.0,54.50,,,,
ZcTag087,180757,1.000000,Transmission,Mk10,07-Jun-2019,16:55:00,,,,13.0,13.00,,,,
ZcTag087,180757,1.000000,Transmission,Mk10,07-Jun-2019,17:00:00,,,,355.0,54.50,,,,
ZcTag087,180757,1.000000,Transmission,Mk10,07-Jun-2019,17:05:00,,,,355.0,54.50,,,,
ZcTag087,180757,1.000000,Transmission,Mk10,07-Jun-2019,17:10:00,,,,355.0,54.50,,,,
ZcTag087,180757,1.000000,Transmission,Mk10,07-Jun-2019,17:15:00,,,,228.0,28.50,,,,
ZcTag087,180757,1.000000,Transmission,Mk10,07-Jun-2019,17:20:00,,,,13.0,13.00,,,,
ZcTag087,180757,1.000000,Transmission,Mk10,07-Jun-2019,17:25:00,,,,355.0,54.50,,,,
ZcTag087,180757,1.000000,Transmission,Mk10,07-Jun-2019,17:30:00,,,,457.0,56.00,,,,
ZcTag087,180757,1.000000,Transmission,Mk10,07-Jun-2019,17:35:00,,,,457.0,56.00,,,,
ZcTag087,180757,1.000000,Transmission,Mk10,07-Jun-2019,17:40:00,,,,457.0,56.00,,,,
ZcTag087,180757,1.000000,Transmission,Mk10,07-Jun-2019,17:45:00,,,,355.0,54.50,,,,
ZcTag087,180757,1.000000,Transmission,Mk10,07-Jun-2019,17:50:00,,,,228.0,28.50,,,,
ZcTag087,180757,1.000000,Transmission,Mk10,07-Jun-2019,17:55:00,,,,38.0,13.50,,,,
ZcTag087,180757,1.000000,Transmission,Mk10,07-Jun-2019,18:00:00,,,,177.0,27.50,,,,
ZcTag087,180757,1.000000,Transmission,Mk10,07-Jun-2019,18:05:00,,,,355.0,54.50,,,,
ZcTag087,180757,1.000000,Transmission,Mk10,07-Jun-2019,18:10:00,,,,355.0,54.50,,,,
ZcTag087,180757,1.000000,Transmission,Mk10,07-Jun-2019,18:15:00,,,,355.0,54.50,,,,
ZcTag087,180757,1.000000,Transmission,Mk10,07-Jun-2019,18:20:00,,,,279.0,28.50,,,,
ZcTag087,180757,1.000000,Transmission,Mk10,07-Jun-2019,18:25:00,,,,177.0,27.50,,,,
ZcTag087,180757,1.000000,Transmission,Mk10,07-Jun-2019,18:30:00,,,,63.0,13.50,,,,
ZcTag087,180757,1.000000,Transmission,Mk10,07-Jun-2019,18:35:00,,,,127.0,27.00,,,,
ZcTag087,180757,1.000000,Transmission,Mk10,07-Jun-2019,18:40:00,,,,355.0,54.50,,,,
ZcTag087,180757,1.000000,Transmission,Mk10,07-Jun-2019,18:45:00,,,,457.0,56.00,,,,
ZcTag087,180757,1.000000,Transmission,Mk10,07-Jun-2019,18:50:00,,,,457.0,56.00,,,,
ZcTag087,180757,1.000000,Transmission,Mk10,07-Jun-2019,18:55:00,,,,457.0,56.00,,,,
ZcTag087,180757,1.000000,Transmission,Mk10,07-Jun-2019,19:00:00,,,,355.0,54.50,,,,
ZcTag087,180757,1.000000,Transmission,Mk10,07-Jun-2019,19:05:00,,,,279.0,28.50,,,,
ZcTag087,180757,1.000000,Transmission,Mk10,07-Jun-2019,19:10:00,,,,89.0,14.00,,,,
ZcTag087,180757,1.000000,Transmission,Mk10,07-Jun-2019,19:15:00,,,,127.0,27.00,,,,
ZcTag087,180757,1.000000,Transmission,Mk10,07-Jun-2019,19:20:00,,,,355.0,54.50,,,,
ZcTag087,180757,1.000000,Transmission,Mk10,07-Jun-2019,19:25:00,,,,355.0,54.50,,,,
ZcTag087,180757,1.000000,Transmission,Mk10,07-Jun-2019,19:30:00,,,,355.0,54.50,,,,
ZcTag087,180757,1.000000,Transmission,Mk10,07-Jun-2019,19:35:00,,,,355.0,54.50,,,,
ZcTag087,180757,1.000000,Transmission,Mk10,07-Jun-2019,19:40:00,,,,279.0,28.50,,,,
ZcTag087,180757,1.000000,Transmission,Mk10,07-Jun-2019,19:45:00,,,,177.0,27.50,,,,
ZcTag087,180757,1.000000,Transmission,Mk10,07-Jun-2019,19:50:00,,,,13.0,13.00,,,,
ZcTag087,180757,1.000000,Transmission,Mk10,07-Jun-2019,19:55:00,,,,279.0,28.50,,,,
ZcTag087,180757,1.000000,Transmission,Mk10,07-Jun-2019,20:00:00,,,,342.0,40.50,,,,
ZcTag087,180757,1.000000,Transmission,Mk10,07-Jun-2019,20:05:00,,,,342.0,40.50,,,,
ZcTag087,180757,1.000000,Transmission,Mk10,07-Jun-2019,20:10:00,,,,342.0,40.50,,,,
ZcTag087,180757,1.000000,Transmission,Mk10,07-Jun-2019,20:15:00,,,,222.0,21.50,,,,
ZcTag087,180757,1.000000,Transmission,Mk10,07-Jun-2019,20:20:00,,,,60.0,10.00,,,,
ZcTag087,180757,1.000000,Transmission,Mk10,07-Jun-2019,20:25:00,,,,94.0,10.50,,,,
ZcTag087,180757,1.000000,Transmission,Mk10,07-Jun-2019,20:30:00,,,,342.0,40.50,,,,
ZcTag087,180757,1.000000,Transmission,Mk10,07-Jun-2019,20:35:00,,,,342.0,40.50,,,,
ZcTag087,180757,1.000000,Transmission,Mk10,07-Jun-2019,20:40:00,,,,342.0,40.50,,,,
ZcTag087,180757,1.000000,Transmission,Mk10,07-Jun-2019,20:45:00,,,,274.0,39.50,,,,
ZcTag087,180757,1.000000,Transmission,Mk10,07-Jun-2019,20:50:00,,,,188.0,20.50,,,,
ZcTag087,180757,1.000000,Transmission,Mk10,07-Jun-2019,20:55:00,,,,4.0,4.50,,,,
ZcTag087,180757,1.000000,Transmission,Mk10,07-Jun-2019,21:00:00,,,,222.0,21.50,,,,
ZcTag087,180757,1.000000,Transmission,Mk10,07-Jun-2019,21:05:00,,,,342.0,40.50,,,,
ZcTag087,180757,1.000000,Transmission,Mk10,07-Jun-2019,21:10:00,,,,411.0,42.00,,,,
ZcTag087,180757,1.000000,Transmission,Mk10,07-Jun-2019,21:15:00,,,,479.0,43.50,,,,
ZcTag087,180757,1.000000,Transmission,Mk10,07-Jun-2019,21:20:00,,,,479.0,43.50,,,,
ZcTag087,180757,1.000000,Transmission,Mk10,07-Jun-2019,21:25:00,,,,479.0,43.50,,,,
ZcTag087,180757,1.000000,Transmission,Mk10,07-Jun-2019,21:30:00,,,,411.0,42.00,,,,
ZcTag087,180757,1.000000,Transmission,Mk10,07-Jun-2019,21:35:00,,,,274.0,39.50,,,,
ZcTag087,180757,1.000000,Transmission,Mk10,07-Jun-2019,21:40:00,,,,60.0,10.00,,,,
ZcTag087,180757,1.000000,Transmission,Mk10,07-Jun-2019,21:45:00,,,,120.0,20.00,,,,
ZcTag087,180757,1.000000,Transmission,Mk10,07-Jun-2019,21:50:00,,,,274.0,39.50,,,,
ZcTag087,180757,1.000000,Transmission,Mk10,07-Jun-2019,21:55:00,,,,342.0,40.50,,,,
ZcTag087,180757,1.000000,Transmission,Mk10,07-Jun-2019,22:00:00,,,,274.0,39.50,,,,
ZcTag087,180757,1.000000,Transmission,Mk10,07-Jun-2019,22:05:00,,,,60.0,10.00,,,,
ZcTag087,180757,1.000000,Transmission,Mk10,07-Jun-2019,22:10:00,,,,21.0,5.50,,,,
ZcTag087,180757,1.000000,Transmission,Mk10,07-Jun-2019,22:15:00,,,,21.0,5.50,,,,
ZcTag087,180757,1.000000,Transmission,Mk10,07-Jun-2019,22:20:00,,,,21.0,5.50,,,,
ZcTag087,180757,1.000000,Transmission,Mk10,07-Jun-2019,22:25:00,,,,4.0,4.50,,,,
ZcTag087,180757,1.000000,Transmission,Mk10,07-Jun-2019,22:30:00,,,,21.0,5.50,,,,
ZcTag087,180757,1.000000,Transmission,Mk10,07-Jun-2019,22:35:00,,,,13.0,5.00,,,,
ZcTag087,180757,1.000000,Transmission,Mk10,07-Jun-2019,22:40:00,,,,13.0,5.00,,,,
ZcTag087,180757,1.000000,Transmission,Mk10,07-Jun-2019,22:45:00,,,,13.0,5.00,,,,
ZcTag087,180757,1.000000,Transmission,Mk10,07-Jun-2019,22:50:00,,,,274.0,39.50,,,,
ZcTag087,180757,1.000000,Transmission,Mk10,07-Jun-2019,22:55:00,,,,411.0,42.00,,,,
ZcTag087,180757,1.000000,Transmission,Mk10,07-Jun-2019,23:00:00,,,,411.0,42.00,,,,
ZcTag087,180757,1.000000,Transmission,Mk10,07-Jun-2019,23:05:00,,,,411.0,42.00,,,,
ZcTag087,180757,1.000000,Transmission,Mk10,07-Jun-2019,23:10:00,,,,411.0,42.00,,,,
ZcTag087,180757,1.000000,Transmission,Mk10,07-Jun-2019,23:15:00,,,,342.0,40.50,,,,
ZcTag087,180757,1.000000,Transmission,Mk10,07-Jun-2019,23:20:00,,,,120.0,20.00,,,,
ZcTag087,180757,1.000000,Transmission,Mk10,07-Jun-2019,23:25:00,,,,4.0,4.50,,,,
ZcTag087,180757,1.000000,Transmission,Mk10,07-Jun-2019,23:30:00,,,,342.0,40.50,,,,
ZcTag087,180757,1.000000,Transmission,Mk10,07-Jun-2019,23:35:00,,,,342.0,40.50,,,,
ZcTag087,180757,1.000000,Transmission,Mk10,07-Jun-2019,23:40:00,,,,342.0,40.50,,,,
ZcTag087,180757,1.000000,Transmission,Mk10,07-Jun-2019,23:45:00,,,,342.0,40.50,,,,
ZcTag087,180757,1.000000,Transmission,Mk10,07-Jun-2019,23:50:00,,,,274.0,39.50,,,,
ZcTag087,180757,1.000000,Transmission,Mk10,07-Jun-2019,23:55:00,,,,154.0,20.50,,,,
ZcTag087,180757,1.000000,Transmission,Mk10,08-Jun-2019,00:00:00,,,,60.0,13.00,,,,
ZcTag087,180757,1.000000,Transmission,Mk10,08-Jun-2019,00:05:00,,,,119.0,25.50,,,,
ZcTag087,180757,1.000000,Transmission,Mk10,08-Jun-2019,00:10:00,,,,333.0,51.50,,,,
ZcTag087,180757,1.000000,Transmission,Mk10,08-Jun-2019,00:15:00,,,,262.0,27.00,,,,
ZcTag087,180757,1.000000,Transmission,Mk10,08-Jun-2019,00:20:00,,,,119.0,25.50,,,,
ZcTag087,180757,1.000000,Transmission,Mk10,08-Jun-2019,00:25:00,,,,36.0,13.00,,,,
ZcTag087,180757,1.000000,Transmission,Mk10,08-Jun-2019,00:30:00,,,,119.0,25.50,,,,
ZcTag087,180757,1.000000,Transmission,Mk10,08-Jun-2019,00:35:00,,,,262.0,27.00,,,,
ZcTag087,180757,1.000000,Transmission,Mk10,08-Jun-2019,00:40:00,,,,214.0,26.50,,,,
ZcTag087,180757,1.000000,Transmission,Mk10,08-Jun-2019,00:45:00,,,,119.0,25.50,,,,
ZcTag087,180757,1.000000,Transmission,Mk10,08-Jun-2019,00:50:00,,,,36.0,13.00,,,,
ZcTag087,180757,1.000000,Transmission,Mk10,08-Jun-2019,00:55:00,,,,12.0,12.50,,,,
ZcTag087,180757,1.000000,Transmission,Mk10,08-Jun-2019,01:00:00,,,,36.0,13.00,,,,
ZcTag087,180757,1.000000,Transmission,Mk10,08-Jun-2019,01:05:00,,,,36.0,13.00,,,,
ZcTag087,180757,1.000000,Transmission,Mk10,08-Jun-2019,01:10:00,,,,12.0,12.50,,,,
ZcTag087,180757,1.000000,Transmission,Mk10,08-Jun-2019,01:15:00,,,,12.0,12.50,,,,
ZcTag087,180757,1.000000,Transmission,Mk10,08-Jun-2019,01:20:00,,,,12.0,12.50,,,,
ZcTag087,180757,1.000000,Transmission,Mk10,08-Jun-2019,01:25:00,,,,12.0,12.50,,,,
ZcTag087,180757,1.000000,Transmission,Mk10,08-Jun-2019,01:30:00,,,,12.0,12.50,,,,
ZcTag087,180757,1.000000,Transmission,Mk10,08-Jun-2019,01:35:00,,,,12.0,12.50,,,,
ZcTag087,180757,1.000000,Transmission,Mk10,08-Jun-2019,01:40:00,,,,12.0,12.50,,,,
ZcTag087,180757,1.000000,Transmission,Mk10,08-Jun-2019,01:45:00,,,,12.0,12.50,,,,
ZcTag087,180757,1.000000,Transmission,Mk10,08-Jun-2019,01:50:00,,,,12.0,12.50,,,,
ZcTag087,180757,1.000000,Transmission,Mk10,08-Jun-2019,01:55:00,,,,12.0,12.50,,,,
ZcTag087,180757,1.000000,Transmission,Mk10,08-Jun-2019,02:00:00,,,,12.0,12.50,,,,
ZcTag087,180757,1.000000,Transmission,Mk10,08-Jun-2019,02:05:00,,,,167.0,26.00,,,,
ZcTag087,180757,1.000000,Transmission,Mk10,08-Jun-2019,02:10:00,,,,262.0,27.00,,,,
ZcTag087,180757,1.000000,Transmission,Mk10,08-Jun-2019,02:15:00,,,,333.0,51.50,,,,
ZcTag087,180757,1.000000,Transmission,Mk10,08-Jun-2019,02:20:00,,,,214.0,26.50,,,,
ZcTag087,180757,1.000000,Transmission,Mk10,08-Jun-2019,02:25:00,,,,333.0,51.50,,,,
ZcTag087,180757,1.000000,Transmission,Mk10,08-Jun-2019,02:30:00,,,,214.0,26.50,,,,
ZcTag087,180757,1.000000,Transmission,Mk10,08-Jun-2019,02:35:00,,,,36.0,13.00,,,,
ZcTag087,180757,1.000000,Transmission,Mk10,08-Jun-2019,02:40:00,,,,12.0,12.50,,,,
ZcTag087,180757,1.000000,Transmission,Mk10,08-Jun-2019,02:45:00,,,,523.0,53.50,,,,
ZcTag087,180757,1.000000,Transmission,Mk10,08-Jun-2019,02:50:00,,,,1141.0,107.50,,,,
ZcTag087,180757,1.000000,Transmission,Mk10,08-Jun-2019,02:55:00,,,,1331.0,109.50,,,,
ZcTag087,180757,1.000000,Transmission,Mk10,08-Jun-2019,03:00:00,,,,1331.0,109.50,,,,
ZcTag087,180757,1.000000,Transmission,Mk10,08-Jun-2019,03:05:00,,,,1331.0,109.50,,,,
ZcTag087,180757,1.000000,Transmission,Mk10,08-Jun-2019,03:10:00,,,,1141.0,107.50,,,,
ZcTag087,180757,1.000000,Transmission,Mk10,08-Jun-2019,03:15:00,,,,1141.0,107.50,,,,
ZcTag087,180757,1.000000,Transmission,Mk10,08-Jun-2019,03:20:00,,,,951.0,105.50,,,,
ZcTag087,180757,1.000000,Transmission,Mk10,08-Jun-2019,03:25:00,,,,761.0,103.50,,,,
ZcTag087,180757,1.000000,Transmission,Mk10,08-Jun-2019,03:30:00,,,,618.0,54.50,,,,
ZcTag087,180757,1.000000,Transmission,Mk10,08-Jun-2019,03:35:00,,,,428.0,52.50,,,,
ZcTag087,180757,1.000000,Transmission,Mk10,08-Jun-2019,03:40:00,,,,214.0,26.50,,,,
ZcTag087,180757,1.000000,Transmission,Mk10,08-Jun-2019,03:45:00,,,,12.0,12.50,,,,
ZcTag087,180757,1.000000,Transmission,Mk10,08-Jun-2019,03:50:00,,,,167.0,26.00,,,,
ZcTag087,180757,1.000000,Transmission,Mk10,08-Jun-2019,03:55:00,,,,214.0,26.50,,,,
ZcTag087,180757,1.000000,Transmission,Mk10,08-Jun-2019,04:00:00,,,,238.0,25.00,,,,
ZcTag087,180757,1.000000,Transmission,Mk10,08-Jun-2019,04:05:00,,,,151.0,24.50,,,,
ZcTag087,180757,1.000000,Transmission,Mk10,08-Jun-2019,04:10:00,,,,11.0,11.00,,,,
ZcTag087,180757,1.000000,Transmission,Mk10,08-Jun-2019,04:15:00,,,,238.0,25.00,,,,
ZcTag087,180757,1.000000,Transmission,Mk10,08-Jun-2019,04:20:00,,,,303.0,48.00,,,,
ZcTag087,180757,1.000000,Transmission,Mk10,08-Jun-2019,04:25:00,,,,303.0,48.00,,,,
ZcTag087,180757,1.000000,Transmission,Mk10,08-Jun-2019,04:30:00,,,,303.0,48.00,,,,
ZcTag087,180757,1.000000,Transmission,Mk10,08-Jun-2019,04:35:00,,,,303.0,48.00,,,,
ZcTag087,180757,1.000000,Transmission,Mk10,08-Jun-2019,04:40:00,,,,151.0,24.50,,,,
ZcTag087,180757,1.000000,Transmission,Mk10,08-Jun-2019,04:45:00,,,,11.0,11.00,,,,
ZcTag087,180757,1.000000,Transmission,Mk10,08-Jun-2019,04:50:00,,,,238.0,25.00,,,,
ZcTag087,180757,1.000000,Transmission,Mk10,08-Jun-2019,04:55:00,,,,303.0,48.00,,,,
ZcTag087,180757,1.000000,Transmission,Mk10,08-Jun-2019,05:00:00,,,,303.0,48.00,,,,
ZcTag087,180757,1.000000,Transmission,Mk10,08-Jun-2019,05:05:00,,,,195.0,25.00,,,,
ZcTag087,180757,1.000000,Transmission,Mk10,08-Jun-2019,05:10:00,,,,54.0,12.00,,,,
ZcTag087,180757,1.000000,Transmission,Mk10,08-Jun-2019,05:15:00,,,,108.0,23.50,,,,
ZcTag087,180757,1.000000,Transmission,Mk10,08-Jun-2019,05:20:00,,,,238.0,25.00,,,,
ZcTag087,180757,1.000000,Transmission,Mk10,08-Jun-2019,05:25:00,,,,238.0,25.00,,,,
ZcTag087,180757,1.000000,Transmission,Mk10,08-Jun-2019,05:30:00,,,,108.0,23.50,,,,
ZcTag087,180757,1.000000,Transmission,Mk10,08-Jun-2019,05:35:00,,,,11.0,11.00,,,,
ZcTag087,180757,1.000000,Transmission,Mk10,08-Jun-2019,05:40:00,,,,303.0,48.00,,,,
ZcTag087,180757,1.000000,Transmission,Mk10,08-Jun-2019,05:45:00,,,,865.0,99.00,,,,
ZcTag087,180757,1.000000,Transmission,Mk10,08-Jun-2019,05:50:00,,,,1038.0,101.00,,,,
ZcTag087,180757,1.000000,Transmission,Mk10,08-Jun-2019,05:55:00,,,,1211.0,104.00,,,,
ZcTag087,180757,1.000000,Transmission,Mk10,08-Jun-2019,06:00:00,,,,1211.0,104.00,,,,
ZcTag087,180757,1.000000,Transmission,Mk10,08-Jun-2019,06:05:00,,,,1038.0,101.00,,,,
ZcTag087,180757,1.000000,Transmission,Mk10,08-Jun-2019,06:10:00,,,,865.0,99.00,,,,
ZcTag087,180757,1.000000,Transmission,Mk10,08-Jun-2019,06:15:00,,,,692.0,96.50,,,,
ZcTag087,180757,1.000000,Transmission,Mk10,08-Jun-2019,06:20:00,,,,476.0,50.00,,,,
ZcTag087,180757,1.000000,Transmission,Mk10,08-Jun-2019,06:25:00,,,,303.0,48.00,,,,
ZcTag087,180757,1.000000,Transmission,Mk10,08-Jun-2019,06:30:00,,,,151.0,24.50,,,,
ZcTag087,180757,1.000000,Transmission,Mk10,08-Jun-2019,06:35:00,,,,11.0,11.00,,,,
ZcTag087,180757,1.000000,Transmission,Mk10,08-Jun-2019,06:40:00,,,,238.0,25.00,,,,
ZcTag087,180757,1.000000,Transmission,Mk10,08-Jun-2019,06:45:00,,,,238.0,25.00,,,,
ZcTag087,180757,1.000000,Transmission,Mk10,08-Jun-2019,06:50:00,,,,11.0,11.00,,,,
ZcTag087,180757,1.000000,Transmission,Mk10,08-Jun-2019,06:55:00,,,,11.0,11.00,,,,
ZcTag087,180757,1.000000,Transmission,Mk10,08-Jun-2019,07:00:00,,,,389.0,49.50,,,,
ZcTag087,180757,1.000000,Transmission,Mk10,08-Jun-2019,07:05:00,,,,865.0,99.00,,,,
ZcTag087,180757,1.000000,Transmission,Mk10,08-Jun-2019,07:10:00,,,,1211.0,104.00,,,,
ZcTag087,180757,1.000000,Transmission,Mk10,08-Jun-2019,07:15:00,,,,1211.0,104.00,,,,
ZcTag087,180757,1.000000,Transmission,Mk10,08-Jun-2019,07:20:00,,,,1211.0,104.00,,,,
ZcTag087,180757,1.000000,Transmission,Mk10,08-Jun-2019,07:25:00,,,,1038.0,101.00,,,,
ZcTag087,180757,1.000000,Transmission,Mk10,08-Jun-2019,07:30:00,,,,865.0,99.00,,,,
ZcTag087,180757,1.000000,Transmission,Mk10,08-Jun-2019,07:35:00,,,,692.0,96.50,,,,
ZcTag087,180757,1.000000,Transmission,Mk10,08-Jun-2019,07:40:00,,,,476.0,50.00,,,,
ZcTag087,180757,1.000000,Transmission,Mk10,08-Jun-2019,07:45:00,,,,238.0,25.00,,,,
ZcTag087,180757,1.000000,Transmission,Mk10,08-Jun-2019,07:50:00,,,,11.0,11.00,,,,
ZcTag087,180757,1.000000,Transmission,Mk10,08-Jun-2019,07:55:00,,,,195.0,25.00,,,,
ZcTag087,180757,1.000000,Transmission,Mk10,08-Jun-2019,08:00:00,,,,279.0,28.50,,,,
ZcTag087,180757,1.000000,Transmission,Mk10,08-Jun-2019,08:05:00,,,,279.0,28.50,,,,
ZcTag087,180757,1.000000,Transmission,Mk10,08-Jun-2019,08:10:00,,,,228.0,28.50,,,,
ZcTag087,180757,1.000000,Transmission,Mk10,08-Jun-2019,08:15:00,,,,13.0,13.00,,,,
ZcTag087,180757,1.000000,Transmission,Mk10,08-Jun-2019,08:20:00,,,,89.0,14.00,,,,
ZcTag087,180757,1.000000,Transmission,Mk10,08-Jun-2019,08:25:00,,,,228.0,28.50,,,,
ZcTag087,180757,1.000000,Transmission,Mk10,08-Jun-2019,08:30:00,,,,228.0,28.50,,,,
ZcTag087,180757,1.000000,Transmission,Mk10,08-Jun-2019,08:35:00,,,,279.0,28.50,,,,
ZcTag087,180757,1.000000,Transmission,Mk10,08-Jun-2019,08:40:00,,,,177.0,27.50,,,,
ZcTag087,180757,1.000000,Transmission,Mk10,08-Jun-2019,08:45:00,,,,13.0,13.00,,,,
ZcTag087,180757,1.000000,Transmission,Mk10,08-Jun-2019,08:50:00,,,,177.0,27.50,,,,
ZcTag087,180757,1.000000,Transmission,Mk10,08-Jun-2019,08:55:00,,,,228.0,28.50,,,,
ZcTag087,180757,1.000000,Transmission,Mk10,08-Jun-2019,09:00:00,,,,279.0,28.50,,,,
ZcTag087,180757,1.000000,Transmission,Mk10,08-Jun-2019,09:05:00,,,,279.0,28.50,,,,
ZcTag087,180757,1.000000,Transmission,Mk10,08-Jun-2019,09:10:00,,,,228.0,28.50,,,,
ZcTag087,180757,1.000000,Transmission,Mk10,08-Jun-2019,09:15:00,,,,13.0,13.00,,,,
ZcTag087,180757,1.000000,Transmission,Mk10,08-Jun-2019,09:20:00,,,,177.0,27.50,,,,
ZcTag087,180757,1.000000,Transmission,Mk10,08-Jun-2019,09:25:00,,,,228.0,28.50,,,,
ZcTag087,180757,1.000000,Transmission,Mk10,08-Jun-2019,09:30:00,,,,228.0,28.50,,,,
ZcTag087,180757,1.000000,Transmission,Mk10,08-Jun-2019,09:35:00,,,,13.0,13.00,,,,
ZcTag087,180757,1.000000,Transmission,Mk10,08-Jun-2019,09:40:00,,,,89.0,14.00,,,,
ZcTag087,180757,1.000000,Transmission,Mk10,08-Jun-2019,09:45:00,,,,659.0,57.50,,,,
ZcTag087,180757,1.000000,Transmission,Mk10,08-Jun-2019,09:50:00,,,,1218.0,114.00,,,,
ZcTag087,180757,1.000000,Transmission,Mk10,08-Jun-2019,09:55:00,,,,1421.0,116.00,,,,
ZcTag087,180757,1.000000,Transmission,Mk10,08-Jun-2019,10:00:00,,,,1421.0,116.00,,,,
ZcTag087,180757,1.000000,Transmission,Mk10,08-Jun-2019,10:05:00,,,,1421.0,116.00,,,,
ZcTag087,180757,1.000000,Transmission,Mk10,08-Jun-2019,10:10:00,,,,1421.0,116.00,,,,
ZcTag087,180757,1.000000,Transmission,Mk10,08-Jun-2019,10:15:00,,,,1218.0,114.00,,,,
ZcTag087,180757,1.000000,Transmission,Mk10,08-Jun-2019,10:20:00,,,,812.0,110.00,,,,
ZcTag087,180757,1.000000,Transmission,Mk10,08-Jun-2019,10:25:00,,,,659.0,57.50,,,,
ZcTag087,180757,1.000000,Transmission,Mk10,08-Jun-2019,10:30:00,,,,558.0,56.50,,,,
ZcTag087,180757,1.000000,Transmission,Mk10,08-Jun-2019,10:35:00,,,,355.0,54.50,,,,
ZcTag087,180757,1.000000,Transmission,Mk10,08-Jun-2019,10:40:00,,,,89.0,14.00,,,,
ZcTag087,180757,1.000000,Transmission,Mk10,08-Jun-2019,10:45:00,,,,89.0,14.00,,,,
ZcTag087,180757,1.000000,Transmission,Mk10,08-Jun-2019,10:50:00,,,,355.0,54.50,,,,
ZcTag087,180757,1.000000,Transmission,Mk10,08-Jun-2019,10:55:00,,,,355.0,54.50,,,,
ZcTag087,180757,1.000000,Transmission,Mk10,08-Jun-2019,11:00:00,,,,457.0,56.00,,,,
ZcTag087,180757,1.000000,Transmission,Mk10,08-Jun-2019,11:05:00,,,,457.0,56.00,,,,
ZcTag087,180757,1.000000,Transmission,Mk10,08-Jun-2019,11:10:00,,,,457.0,56.00,,,,
ZcTag087,180757,1.000000,Transmission,Mk10,08-Jun-2019,11:15:00,,,,279.0,28.50,,,,
ZcTag087,180757,1.000000,Transmission,Mk10,08-Jun-2019,11:20:00,,,,13.0,13.00,,,,
ZcTag087,180757,1.000000,Transmission,Mk10,08-Jun-2019,11:25:00,,,,279.0,28.50,,,,
ZcTag087,180757,1.000000,Transmission,Mk10,08-Jun-2019,11:30:00,,,,355.0,54.50,,,,
ZcTag087,180757,1.000000,Transmission,Mk10,08-Jun-2019,11:35:00,,,,355.0,54.50,,,,
ZcTag087,180757,1.000000,Transmission,Mk10,08-Jun-2019,11:40:00,,,,355.0,54.50,,,,
ZcTag087,180757,1.000000,Transmission,Mk10,08-Jun-2019,11:45:00,,,,228.0,28.50,,,,
ZcTag087,180757,1.000000,Transmission,Mk10,08-Jun-2019,11:50:00,,,,13.0,13.00,,,,
ZcTag087,180757,1.000000,Transmission,Mk10,08-Jun-2019,11:55:00,,,,279.0,28.50,,,,
ZcTag087,180757,1.000000,Transmission,Mk10,08-Jun-2019,12:00:00,,,,372.0,38.50,,,,
ZcTag087,180757,1.000000,Transmission,Mk10,08-Jun-2019,12:05:00,,,,372.0,38.50,,,,
ZcTag087,180757,1.000000,Transmission,Mk10,08-Jun-2019,12:10:00,,,,372.0,38.50,,,,
ZcTag087,180757,1.000000,Transmission,Mk10,08-Jun-2019,12:15:00,,,,305.0,38.00,,,,
ZcTag087,180757,1.000000,Transmission,Mk10,08-Jun-2019,12:20:00,,,,59.0,9.50,,,,
ZcTag087,180757,1.000000,Transmission,Mk10,08-Jun-2019,12:25:00,,,,25.0,9.50,,,,
ZcTag087,180757,1.000000,Transmission,Mk10,08-Jun-2019,12:30:00,,,,237.0,37.00,,,,
ZcTag087,180757,1.000000,Transmission,Mk10,08-Jun-2019,12:35:00,,,,237.0,37.00,,,,
ZcTag087,180757,1.000000,Transmission,Mk10,08-Jun-2019,12:40:00,,,,237.0,37.00,,,,
ZcTag087,180757,1.000000,Transmission,Mk10,08-Jun-2019,12:45:00,,,,9.0,9.00,,,,
ZcTag087,180757,1.000000,Transmission,Mk10,08-Jun-2019,12:50:00,,,,305.0,38.00,,,,
ZcTag087,180757,1.000000,Transmission,Mk10,08-Jun-2019,12:55:00,,,,677.0,76.00,,,,
ZcTag087,180757,1.000000,Transmission,Mk10,08-Jun-2019,13:00:00,,,,812.0,78.00,,,,
ZcTag087,180757,1.000000,Transmission,Mk10,08-Jun-2019,13:05:00,,,,541.0,74.50,,,,
ZcTag087,180757,1.000000,Transmission,Mk10,08-Jun-2019,13:10:00,,,,541.0,74.50,,,,
ZcTag087,180757,1.000000,Transmission,Mk10,08-Jun-2019,13:15:00,,,,439.0,39.50,,,,
ZcTag087,180757,1.000000,Transmission,Mk10,08-Jun-2019,13:20:00,,,,152.0,19.50,,,,
ZcTag087,180757,1.000000,Transmission,Mk10,08-Jun-2019,13:25:00,,,,84.0,18.50,,,,
ZcTag087,180757,1.000000,Transmission,Mk10,08-Jun-2019,13:30:00,,,,237.0,37.00,,,,
ZcTag087,180757,1.000000,Transmission,Mk10,08-Jun-2019,13:35:00,,,,305.0,38.00,,,,
ZcTag087,180757,1.000000,Transmission,Mk10,08-Jun-2019,13:40:00,,,,152.0,19.50,,,,
ZcTag087,180757,1.000000,Transmission,Mk10,08-Jun-2019,13:45:00,,,,9.0,9.00,,,,
ZcTag087,180757,1.000000,Transmission,Mk10,08-Jun-2019,13:50:00,,,,237.0,37.00,,,,
ZcTag087,180757,1.000000,Transmission,Mk10,08-Jun-2019,13:55:00,,,,305.0,38.00,,,,
ZcTag087,180757,1.000000,Transmission,Mk10,08-Jun-2019,14:00:00,,,,305.0,38.00,,,,
ZcTag087,180757,1.000000,Transmission,Mk10,08-Jun-2019,14:05:00,,,,186.0,19.50,,,,
ZcTag087,180757,1.000000,Transmission,Mk10,08-Jun-2019,14:10:00,,,,42.0,9.50,,,,
ZcTag087,180757,1.000000,Transmission,Mk10,08-Jun-2019,14:15:00,,,,237.0,37.00,,,,
ZcTag087,180757,1.000000,Transmission,Mk10,08-Jun-2019,14:20:00,,,,372.0,38.50,,,,
ZcTag087,180757,1.000000,Transmission,Mk10,08-Jun-2019,14:25:00,,,,439.0,39.50,,,,
ZcTag087,180757,1.000000,Transmission,Mk10,08-Jun-2019,14:30:00,,,,372.0,38.50,,,,
ZcTag087,180757,1.000000,Transmission,Mk10,08-Jun-2019,14:35:00,,,,237.0,37.00,,,,
ZcTag087,180757,1.000000,Transmission,Mk10,08-Jun-2019,14:40:00,,,,9.0,9.00,,,,
ZcTag087,180757,1.000000,Transmission,Mk10,08-Jun-2019,14:45:00,,,,372.0,38.50,,,,
ZcTag087,180757,1.000000,Transmission,Mk10,08-Jun-2019,14:50:00,,,,812.0,78.00,,,,
ZcTag087,180757,1.000000,Transmission,Mk10,08-Jun-2019,14:55:00,,,,812.0,78.00,,,,
ZcTag087,180757,1.000000,Transmission,Mk10,08-Jun-2019,15:00:00,,,,947.0,79.50,,,,
ZcTag087,180757,1.000000,Transmission,Mk10,08-Jun-2019,15:05:00,,,,947.0,79.50,,,,
ZcTag087,180757,1.000000,Transmission,Mk10,08-Jun-2019,15:10:00,,,,947.0,79.50,,,,
ZcTag087,180757,1.000000,Transmission,Mk10,08-Jun-2019,15:15:00,,,,947.0,79.50,,,,
ZcTag087,180757,1.000000,Transmission,Mk10,08-Jun-2019,15:20:00,,,,947.0,79.50,,,,
ZcTag087,180757,1.000000,Transmission,Mk10,08-Jun-2019,15:25:00,,,,677.0,76.00,,,,
ZcTag087,180757,1.000000,Transmission,Mk10,08-Jun-2019,15:30:00,,,,677.0,76.00,,,,
ZcTag087,180757,1.000000,Transmission,Mk10,08-Jun-2019,15:35:00,,,,541.0,74.50,,,,
ZcTag087,180757,1.000000,Transmission,Mk10,08-Jun-2019,15:40:00,,,,305.0,38.00,,,,
ZcTag087,180757,1.000000,Transmission,Mk10,08-Jun-2019,15:45:00,,,,9.0,9.00,,,,
ZcTag087,180757,1.000000,Transmission,Mk10,08-Jun-2019,15:50:00,,,,237.0,37.00,,,,
ZcTag087,180757,1.000000,Transmission,Mk10,08-Jun-2019,15:55:00,,,,372.0,38.50,,,,
ZcTag087,180757,1.000000,Transmission,Mk10,08-Jun-2019,16:00:00,,,,342.0,43.00,,,,
ZcTag087,180757,1.000000,Transmission,Mk10,08-Jun-2019,16:05:00,,,,266.0,42.00,,,,
ZcTag087,180757,1.000000,Transmission,Mk10,08-Jun-2019,16:10:00,,,,266.0,42.00,,,,
ZcTag087,180757,1.000000,Transmission,Mk10,08-Jun-2019,16:15:00,,,,266.0,42.00,,,,
ZcTag087,180757,1.000000,Transmission,Mk10,08-Jun-2019,16:20:00,,,,28.0,10.50,,,,
ZcTag087,180757,1.000000,Transmission,Mk10,08-Jun-2019,16:25:00,,,,266.0,42.00,,,,
ZcTag087,180757,1.000000,Transmission,Mk10,08-Jun-2019,16:30:00,,,,417.0,43.50,,,,
ZcTag087,180757,1.000000,Transmission,Mk10,08-Jun-2019,16:35:00,,,,342.0,43.00,,,,
ZcTag087,180757,1.000000,Transmission,Mk10,08-Jun-2019,16:40:00,,,,209.0,22.00,,,,
ZcTag087,180757,1.000000,Transmission,Mk10,08-Jun-2019,16:45:00,,,,66.0,10.50,,,,
ZcTag087,180757,1.000000,Transmission,Mk10,08-Jun-2019,16:50:00,,,,28.0,10.50,,,,
ZcTag087,180757,1.000000,Transmission,Mk10,08-Jun-2019,16:55:00,,,,607.0,84.50,,,,
ZcTag087,180757,1.000000,Transmission,Mk10,08-Jun-2019,17:00:00,,,,1062.0,90.50,,,,
ZcTag087,180757,1.000000,Transmission,Mk10,08-Jun-2019,17:05:00,,,,1062.0,90.50,,,,
ZcTag087,180757,1.000000,Transmission,Mk10,08-Jun-2019,17:10:00,,,,910.0,88.50,,,,
ZcTag087,180757,1.000000,Transmission,Mk10,08-Jun-2019,17:15:00,,,,910.0,88.50,,,,
ZcTag087,180757,1.000000,Transmission,Mk10,08-Jun-2019,17:20:00,,,,759.0,86.00,,,,
ZcTag087,180757,1.000000,Transmission,Mk10,08-Jun-2019,17:25:00,,,,759.0,86.00,,,,
ZcTag087,180757,1.000000,Transmission,Mk10,08-Jun-2019,17:30:00,,,,607.0,84.50,,,,
ZcTag087,180757,1.000000,Transmission,Mk10,08-Jun-2019,17:35:00,,,,607.0,84.50,,,,
ZcTag087,180757,1.000000,Transmission,Mk10,08-Jun-2019,17:40:00,,,,417.0,43.50,,,,
ZcTag087,180757,1.000000,Transmission,Mk10,08-Jun-2019,17:45:00,,,,209.0,22.00,,,,
ZcTag087,180757,1.000000,Transmission,Mk10,08-Jun-2019,17:50:00,,,,10.0,10.00,,,,
ZcTag087,180757,1.000000,Transmission,Mk10,08-Jun-2019,17:55:00,,,,266.0,42.00,,,,
ZcTag087,180757,1.000000,Transmission,Mk10,08-Jun-2019,18:00:00,,,,266.0,42.00,,,,
ZcTag087,180757,1.000000,Transmission,Mk10,08-Jun-2019,18:05:00,,,,266.0,42.00,,,,
ZcTag087,180757,1.000000,Transmission,Mk10,08-Jun-2019,18:10:00,,,,171.0,22.00,,,,
ZcTag087,180757,1.000000,Transmission,Mk10,08-Jun-2019,18:15:00,,,,10.0,10.00,,,,
ZcTag087,180757,1.000000,Transmission,Mk10,08-Jun-2019,18:20:00,,,,209.0,22.00,,,,
ZcTag087,180757,1.000000,Transmission,Mk10,08-Jun-2019,18:25:00,,,,266.0,42.00,,,,
ZcTag087,180757,1.000000,Transmission,Mk10,08-Jun-2019,18:30:00,,,,266.0,42.00,,,,
ZcTag087,180757,1.000000,Transmission,Mk10,08-Jun-2019,18:35:00,,,,209.0,22.00,,,,
ZcTag087,180757,1.000000,Transmission,Mk10,08-Jun-2019,18:40:00,,,,10.0,10.00,,,,
ZcTag087,180757,1.000000,Transmission,Mk10,08-Jun-2019,18:45:00,,,,171.0,22.00,,,,
ZcTag087,180757,1.000000,Transmission,Mk10,08-Jun-2019,18:50:00,,,,266.0,42.00,,,,
ZcTag087,180757,1.000000,Transmission,Mk10,08-Jun-2019,18:55:00,,,,266.0,42.00,,,,
ZcTag087,180757,1.000000,Transmission,Mk10,08-Jun-2019,19:00:00,,,,171.0,22.00,,,,
ZcTag087,180757,1.000000,Transmission,Mk10,08-Jun-2019,19:05:00,,,,10.0,10.00,,,,
ZcTag087,180757,1.000000,Transmission,Mk10,08-Jun-2019,19:10:00,,,,493.0,45.00,,,,
ZcTag087,180757,1.000000,Transmission,Mk10,08-Jun-2019,19:15:00,,,,759.0,86.00,,,,
ZcTag087,180757,1.000000,Transmission,Mk10,08-Jun-2019,19:20:00,,,,759.0,86.00,,,,
ZcTag087,180757,1.000000,Transmission,Mk10,08-Jun-2019,19:25:00,,,,910.0,88.50,,,,
ZcTag087,180757,1.000000,Transmission,Mk10,08-Jun-2019,19:30:00,,,,910.0,88.50,,,,
ZcTag087,180757,1.000000,Transmission,Mk10,08-Jun-2019,19:35:00,,,,910.0,88.50,,,,
ZcTag087,180757,1.000000,Transmission,Mk10,08-Jun-2019,19:40:00,,,,910.0,88.50,,,,
ZcTag087,180757,1.000000,Transmission,Mk10,08-Jun-2019,19:45:00,,,,910.0,88.50,,,,
ZcTag087,180757,1.000000,Transmission,Mk10,08-Jun-2019,19:50:00,,,,759.0,86.00,,,,
ZcTag087,180757,1.000000,Transmission,Mk10,08-Jun-2019,19:55:00,,,,759.0,86.00,,,,
ZcTag087,180757,1.000000,Transmission,Mk10,08-Jun-2019,20:00:00,,,,607.0,84.50,,,,
ZcTag087,180757,1.000000,Transmission,Mk10,08-Jun-2019,20:05:00,,,,417.0,43.50,,,,
ZcTag087,180757,1.000000,Transmission,Mk10,08-Jun-2019,20:10:00,,,,47.0,10.50,,,,
ZcTag087,180757,1.000000,Transmission,Mk10,08-Jun-2019,20:15:00,,,,171.0,22.00,,,,
ZcTag087,180757,1.000000,Transmission,Mk10,08-Jun-2019,20:20:00,,,,342.0,43.00,,,,
ZcTag087,180757,1.000000,Transmission,Mk10,08-Jun-2019,20:25:00,,,,342.0,43.00,,,,
ZcTag087,180757,1.000000,Transmission,Mk10,08-Jun-2019,20:30:00,,,,209.0,22.00,,,,
ZcTag087,180757,1.000000,Transmission,Mk10,08-Jun-2019,20:35:00,,,,10.0,10.00,,,,
ZcTag087,180757,1.000000,Transmission,Mk10,08-Jun-2019,20:40:00,,,,171.0,22.00,,,,
ZcTag087,180757,1.000000,Transmission,Mk10,08-Jun-2019,20:45:00,,,,266.0,42.00,,,,
ZcTag087,180757,1.000000,Transmission,Mk10,08-Jun-2019,20:50:00,,,,209.0,22.00,,,,
ZcTag087,180757,1.000000,Transmission,Mk10,08-Jun-2019,20:55:00,,,,209.0,22.00,,,,
ZcTag087,180757,1.000000,Transmission,Mk10,08-Jun-2019,21:00:00,,,,133.0,21.00,,,,
ZcTag087,180757,1.000000,Transmission,Mk10,08-Jun-2019,21:05:00,,,,66.0,10.50,,,,
ZcTag087,180757,1.000000,Transmission,Mk10,08-Jun-2019,21:10:00,,,,95.0,21.00,,,,
ZcTag087,180757,1.000000,Transmission,Mk10,08-Jun-2019,21:15:00,,,,266.0,42.00,,,,
ZcTag087,180757,1.000000,Transmission,Mk10,08-Jun-2019,21:20:00,,,,342.0,43.00,,,,
ZcTag087,180757,1.000000,Transmission,Mk10,08-Jun-2019,21:25:00,,,,209.0,22.00,,,,
ZcTag087,180757,1.000000,Transmission,Mk10,08-Jun-2019,21:30:00,,,,28.0,10.50,,,,
ZcTag087,180757,1.000000,Transmission,Mk10,08-Jun-2019,21:35:00,,,,10.0,10.00,,,,
ZcTag087,180757,1.000000,Transmission,Mk10,08-Jun-2019,21:40:00,,,,493.0,45.00,,,,
ZcTag087,180757,1.000000,Transmission,Mk10,08-Jun-2019,21:45:00,,,,910.0,88.50,,,,
ZcTag087,180757,1.000000,Transmission,Mk10,08-Jun-2019,21:50:00,,,,1062.0,90.50,,,,
ZcTag087,180757,1.000000,Transmission,Mk10,08-Jun-2019,21:55:00,,,,1062.0,90.50,,,,
ZcTag087,180757,1.000000,Transmission,Mk10,08-Jun-2019,22:00:00,,,,1062.0,90.50,,,,
ZcTag087,180757,1.000000,Transmission,Mk10,08-Jun-2019,22:05:00,,,,910.0,88.50,,,,
ZcTag087,180757,1.000000,Transmission,Mk10,08-Jun-2019,22:10:00,,,,759.0,86.00,,,,
ZcTag087,180757,1.000000,Transmission,Mk10,08-Jun-2019,22:15:00,,,,342.0,43.00,,,,
ZcTag087,180757,1.000000,Transmission,Mk10,08-Jun-2019,22:20:00,,,,10.0,10.00,,,,
ZcTag087,180757,1.000000,Transmission,Mk10,08-Jun-2019,22:25:00,,,,266.0,42.00,,,,
ZcTag087,180757,1.000000,Transmission,Mk10,08-Jun-2019,22:30:00,,,,417.0,43.50,,,,
ZcTag087,180757,1.000000,Transmission,Mk10,08-Jun-2019,22:35:00,,,,417.0,43.50,,,,
ZcTag087,180757,1.000000,Transmission,Mk10,08-Jun-2019,22:40:00,,,,209.0,22.00,,,,
ZcTag087,180757,1.000000,Transmission,Mk10,08-Jun-2019,22:45:00,,,,10.0,10.00,,,,
ZcTag087,180757,1.000000,Transmission,Mk10,08-Jun-2019,22:50:00,,,,266.0,42.00,,,,
ZcTag087,180757,1.000000,Transmission,Mk10,08-Jun-2019,22:55:00,,,,342.0,43.00,,,,
ZcTag087,180757,1.000000,Transmission,Mk10,08-Jun-2019,23:00:00,,,,266.0,42.00,,,,
ZcTag087,180757,1.000000,Transmission,Mk10,08-Jun-2019,23:05:00,,,,95.0,21.00,,,,
ZcTag087,180757,1.000000,Transmission,Mk10,08-Jun-2019,23:10:00,,,,10.0,10.00,,,,
ZcTag087,180757,1.000000,Transmission,Mk10,08-Jun-2019,23:15:00,,,,209.0,22.00,,,,
ZcTag087,180757,1.000000,Transmission,Mk10,08-Jun-2019,23:20:00,,,,342.0,43.00,,,,
ZcTag087,180757,1.000000,Transmission,Mk10,08-Jun-2019,23:25:00,,,,266.0,42.00,,,,
ZcTag087,180757,1.000000,Transmission,Mk10,08-Jun-2019,23:30:00,,,,66.0,10.50,,,,
ZcTag087,180757,1.000000,Transmission,Mk10,08-Jun-2019,23:35:00,,,,95.0,21.00,,,,
ZcTag087,180757,1.000000,Transmission,Mk10,08-Jun-2019,23:40:00,,,,266.0,42.00,,,,
ZcTag087,180757,1.000000,Transmission,Mk10,08-Jun-2019,23:45:00,,,,342.0,43.00,,,,
ZcTag087,180757,1.000000,Transmission,Mk10,08-Jun-2019,23:50:00,,,,209.0,22.00,,,,
ZcTag087,180757,1.000000,Transmission,Mk10,08-Jun-2019,23:55:00,,,,10.0,10.00,,,,
ZcTag087,180757,1.000000,Transmission,Mk10,09-Jun-2019,00:00:00,,,,163.0,26.00,,,,
ZcTag087,180757,1.000000,Transmission,Mk10,09-Jun-2019,00:05:00,,,,256.0,27.00,,,,
ZcTag087,180757,1.000000,Transmission,Mk10,09-Jun-2019,00:10:00,,,,256.0,27.00,,,,
ZcTag087,180757,1.000000,Transmission,Mk10,09-Jun-2019,00:15:00,,,,35.0,13.00,,,,
ZcTag087,180757,1.000000,Transmission,Mk10,09-Jun-2019,00:20:00,,,,163.0,26.00,,,,
ZcTag087,180757,1.000000,Transmission,Mk10,09-Jun-2019,00:25:00,,,,744.0,103.00,,,,
ZcTag087,180757,1.000000,Transmission,Mk10,09-Jun-2019,00:30:00,,,,929.0,105.50,,,,
ZcTag087,180757,1.000000,Transmission,Mk10,09-Jun-2019,00:35:00,,,,929.0,105.50,,,,
ZcTag087,180757,1.000000,Transmission,Mk10,09-Jun-2019,00:40:00,,,,929.0,105.50,,,,
ZcTag087,180757,1.000000,Transmission,Mk10,09-Jun-2019,00:45:00,,,,744.0,103.00,,,,
ZcTag087,180757,1.000000,Transmission,Mk10,09-Jun-2019,00:50:00,,,,744.0,103.00,,,,
ZcTag087,180757,1.000000,Transmission,Mk10,09-Jun-2019,00:55:00,,,,511.0,53.50,,,,
ZcTag087,180757,1.000000,Transmission,Mk10,09-Jun-2019,01:00:00,,,,325.0,51.50,,,,
ZcTag087,180757,1.000000,Transmission,Mk10,09-Jun-2019,01:05:00,,,,116.0,25.50,,,,
ZcTag087,180757,1.000000,Transmission,Mk10,09-Jun-2019,01:10:00,,,,12.0,12.00,,,,
ZcTag087,180757,1.000000,Transmission,Mk10,09-Jun-2019,01:15:00,,,,209.0,26.50,,,,
ZcTag087,180757,1.000000,Transmission,Mk10,09-Jun-2019,01:20:00,,,,209.0,26.50,,,,
ZcTag087,180757,1.000000,Transmission,Mk10,09-Jun-2019,01:25:00,,,,116.0,25.50,,,,
ZcTag087,180757,1.000000,Transmission,Mk10,09-Jun-2019,01:30:00,,,,12.0,12.00,,,,
ZcTag087,180757,1.000000,Transmission,Mk10,09-Jun-2019,01:35:00,,,,163.0,26.00,,,,
ZcTag087,180757,1.000000,Transmission,Mk10,09-Jun-2019,01:40:00,,,,209.0,26.50,,,,
ZcTag087,180757,1.000000,Transmission,Mk10,09-Jun-2019,01:45:00,,,,163.0,26.00,,,,
ZcTag087,180757,1.000000,Transmission,Mk10,09-Jun-2019,01:50:00,,,,35.0,13.00,,,,
ZcTag087,180757,1.000000,Transmission,Mk10,09-Jun-2019,01:55:00,,,,58.0,13.00,,,,
ZcTag087,180757,1.000000,Transmission,Mk10,09-Jun-2019,02:00:00,,,,604.0,55.00,,,,
ZcTag087,180757,1.000000,Transmission,Mk10,09-Jun-2019,02:05:00,,,,929.0,105.50,,,,
ZcTag087,180757,1.000000,Transmission,Mk10,09-Jun-2019,02:10:00,,,,929.0,105.50,,,,
ZcTag087,180757,1.000000,Transmission,Mk10,09-Jun-2019,02:15:00,,,,1115.0,108.00,,,,
ZcTag087,180757,1.000000,Transmission,Mk10,09-Jun-2019,02:20:00,,,,1115.0,108.00,,,,
ZcTag087,180757,1.000000,Transmission,Mk10,09-Jun-2019,02:25:00,,,,929.0,105.50,,,,
ZcTag087,180757,1.000000,Transmission,Mk10,09-Jun-2019,02:30:00,,,,744.0,103.00,,,,
ZcTag087,180757,1.000000,Transmission,Mk10,09-Jun-2019,02:35:00,,,,744.0,103.00,,,,
ZcTag087,180757,1.000000,Transmission,Mk10,09-Jun-2019,02:40:00,,,,418.0,52.50,,,,
ZcTag087,180757,1.000000,Transmission,Mk10,09-Jun-2019,02:45:00,,,,58.0,13.00,,,,
ZcTag087,180757,1.000000,Transmission,Mk10,09-Jun-2019,02:50:00,,,,116.0,25.50,,,,
ZcTag087,180757,1.000000,Transmission,Mk10,09-Jun-2019,02:55:00,,,,256.0,27.00,,,,
ZcTag087,180757,1.000000,Transmission,Mk10,09-Jun-2019,03:00:00,,,,209.0,26.50,,,,
ZcTag087,180757,1.000000,Transmission,Mk10,09-Jun-2019,03:05:00,,,,35.0,13.00,,,,
ZcTag087,180757,1.000000,Transmission,Mk10,09-Jun-2019,03:10:00,,,,116.0,25.50,,,,
ZcTag087,180757,1.000000,Transmission,Mk10,09-Jun-2019,03:15:00,,,,209.0,26.50,,,,
ZcTag087,180757,1.000000,Transmission,Mk10,09-Jun-2019,03:20:00,,,,256.0,27.00,,,,
ZcTag087,180757,1.000000,Transmission,Mk10,09-Jun-2019,03:25:00,,,,116.0,25.50,,,,
ZcTag087,180757,1.000000,Transmission,Mk10,09-Jun-2019,03:30:00,,,,35.0,13.00,,,,
ZcTag087,180757,1.000000,Transmission,Mk10,09-Jun-2019,03:35:00,,,,12.0,12.00,,,,
ZcTag087,180757,1.000000,Transmission,Mk10,09-Jun-2019,03:40:00,,,,604.0,55.00,,,,
ZcTag087,180757,1.000000,Transmission,Mk10,09-Jun-2019,03:45:00,,,,1115.0,108.00,,,,
ZcTag087,180757,1.000000,Transmission,Mk10,09-Jun-2019,03:50:00,,,,1300.0,110.50,,,,
ZcTag087,180757,1.000000,Transmission,Mk10,09-Jun-2019,03:55:00,,,,1300.0,110.50,,,,
ZcTag087,180757,1.000000,Transmission,Mk10,09-Jun-2019,04:00:00,,,,1181.0,100.00,,,,
ZcTag087,180757,1.000000,Transmission,Mk10,09-Jun-2019,04:05:00,,,,1011.0,96.50,,,,
ZcTag087,180757,1.000000,Transmission,Mk10,09-Jun-2019,04:10:00,,,,843.0,95.00,,,,
ZcTag087,180757,1.000000,Transmission,Mk10,09-Jun-2019,04:15:00,,,,674.0,92.50,,,,
ZcTag087,180757,1.000000,Transmission,Mk10,09-Jun-2019,04:20:00,,,,295.0,46.00,,,,
ZcTag087,180757,1.000000,Transmission,Mk10,09-Jun-2019,04:25:00,,,,11.0,11.00,,,,
ZcTag087,180757,1.000000,Transmission,Mk10,09-Jun-2019,04:30:00,,,,147.0,23.50,,,,
ZcTag087,180757,1.000000,Transmission,Mk10,09-Jun-2019,04:35:00,,,,190.0,24.00,,,,
ZcTag087,180757,1.000000,Transmission,Mk10,09-Jun-2019,04:40:00,,,,190.0,24.00,,,,
ZcTag087,180757,1.000000,Transmission,Mk10,09-Jun-2019,04:45:00,,,,52.0,11.50,,,,
ZcTag087,180757,1.000000,Transmission,Mk10,09-Jun-2019,04:50:00,,,,31.0,11.50,,,,
ZcTag087,180757,1.000000,Transmission,Mk10,09-Jun-2019,04:55:00,,,,11.0,11.00,,,,
ZcTag087,180757,1.000000,Transmission,Mk10,09-Jun-2019,05:00:00,,,,548.0,49.00,,,,
ZcTag087,180757,1.000000,Transmission,Mk10,09-Jun-2019,05:05:00,,,,1011.0,96.50,,,,
ZcTag087,180757,1.000000,Transmission,Mk10,09-Jun-2019,05:10:00,,,,1011.0,96.50,,,,
ZcTag087,180757,1.000000,Transmission,Mk10,09-Jun-2019,05:15:00,,,,1011.0,96.50,,,,
ZcTag087,180757,1.000000,Transmission,Mk10,09-Jun-2019,05:20:00,,,,1011.0,96.50,,,,
ZcTag087,180757,1.000000,Transmission,Mk10,09-Jun-2019,05:25:00,,,,843.0,95.00,,,,
ZcTag087,180757,1.000000,Transmission,Mk10,09-Jun-2019,05:30:00,,,,843.0,95.00,,,,
ZcTag087,180757,1.000000,Transmission,Mk10,09-Jun-2019,05:35:00,,,,548.0,49.00,,,,
ZcTag087,180757,1.000000,Transmission,Mk10,09-Jun-2019,05:40:00,,,,190.0,24.00,,,,
ZcTag087,180757,1.000000,Transmission,Mk10,09-Jun-2019,05:45:00,,,,11.0,11.00,,,,
ZcTag087,180757,1.000000,Transmission,Mk10,09-Jun-2019,05:50:00,,,,190.0,24.00,,,,
ZcTag087,180757,1.000000,Transmission,Mk10,09-Jun-2019,05:55:00,,,,147.0,23.50,,,,
ZcTag087,180757,1.000000,Transmission,Mk10,09-Jun-2019,06:00:00,,,,74.0,12.00,,,,
ZcTag087,180757,1.000000,Transmission,Mk10,09-Jun-2019,06:05:00,,,,11.0,11.00,,,,
ZcTag087,180757,1.000000,Transmission,Mk10,09-Jun-2019,06:10:00,,,,190.0,24.00,,,,
ZcTag087,180757,1.000000,Transmission,Mk10,09-Jun-2019,06:15:00,,,,190.0,24.00,,,,
ZcTag087,180757,1.000000,Transmission,Mk10,09-Jun-2019,06:20:00,,,,105.0,22.50,,,,
ZcTag087,180757,1.000000,Transmission,Mk10,09-Jun-2019,06:25:00,,,,11.0,11.00,,,,
ZcTag087,180757,1.000000,Transmission,Mk10,09-Jun-2019,06:30:00,,,,105.0,22.50,,,,
ZcTag087,180757,1.000000,Transmission,Mk10,09-Jun-2019,06:35:00,,,,147.0,23.50,,,,
ZcTag087,180757,1.000000,Transmission,Mk10,09-Jun-2019,06:40:00,,,,105.0,22.50,,,,
ZcTag087,180757,1.000000,Transmission,Mk10,09-Jun-2019,06:45:00,,,,11.0,11.00,,,,
ZcTag087,180757,1.000000,Transmission,Mk10,09-Jun-2019,06:50:00,,,,31.0,11.50,,,,
ZcTag087,180757,1.000000,Transmission,Mk10,09-Jun-2019,06:55:00,,,,11.0,11.00,,,,
ZcTag087,180757,1.000000,Transmission,Mk10,09-Jun-2019,07:00:00,,,,464.0,48.00,,,,
ZcTag087,180757,1.000000,Transmission,Mk10,09-Jun-2019,07:05:00,,,,843.0,95.00,,,,
ZcTag087,180757,1.000000,Transmission,Mk10,09-Jun-2019,07:10:00,,,,1011.0,96.50,,,,
ZcTag087,180757,1.000000,Transmission,Mk10,09-Jun-2019,07:15:00,,,,843.0,95.00,,,,
ZcTag087,180757,1.000000,Transmission,Mk10,09-Jun-2019,07:20:00,,,,843.0,95.00,,,,
ZcTag087,180757,1.000000,Transmission,Mk10,09-Jun-2019,07:25:00,,,,843.0,95.00,,,,
ZcTag087,180757,1.000000,Transmission,Mk10,09-Jun-2019,07:30:00,,,,843.0,95.00,,,,
ZcTag087,180757,1.000000,Transmission,Mk10,09-Jun-2019,07:35:00,,,,674.0,92.50,,,,
ZcTag087,180757,1.000000,Transmission,Mk10,09-Jun-2019,07:40:00,,,,674.0,92.50,,,,
ZcTag087,180757,1.000000,Transmission,Mk10,09-Jun-2019,07:45:00,,,,548.0,49.00,,,,
ZcTag087,180757,1.000000,Transmission,Mk10,09-Jun-2019,07:50:00,,,,295.0,46.00,,,,
ZcTag087,180757,1.000000,Transmission,Mk10,09-Jun-2019,07:55:00,,,,11.0,11.00,,,,
ZcTag087,180757,1.000000,Transmission,Mk10,09-Jun-2019,08:00:00,,,,195.0,25.00,,,,
ZcTag087,180757,1.000000,Transmission,Mk10,09-Jun-2019,08:05:00,,,,195.0,25.00,,,,
ZcTag087,180757,1.000000,Transmission,Mk10,09-Jun-2019,08:10:00,,,,54.0,12.00,,,,
ZcTag087,180757,1.000000,Transmission,Mk10,09-Jun-2019,08:15:00,,,,108.0,23.50,,,,
ZcTag087,180757,1.000000,Transmission,Mk10,09-Jun-2019,08:20:00,,,,238.0,25.00,,,,
ZcTag087,180757,1.000000,Transmission,Mk10,09-Jun-2019,08:25:00,,,,195.0,25.00,,,,
ZcTag087,180757,1.000000,Transmission,Mk10,09-Jun-2019,08:30:00,,,,11.0,11.00,,,,
ZcTag087,180757,1.000000,Transmission,Mk10,09-Jun-2019,08:35:00,,,,151.0,24.50,,,,
ZcTag087,180757,1.000000,Transmission,Mk10,09-Jun-2019,08:40:00,,,,238.0,25.00,,,,
ZcTag087,180757,1.000000,Transmission,Mk10,09-Jun-2019,08:45:00,,,,238.0,25.00,,,,
ZcTag087,180757,1.000000,Transmission,Mk10,09-Jun-2019,08:50:00,,,,108.0,23.50,,,,
ZcTag087,180757,1.000000,Transmission,Mk10,09-Jun-2019,08:55:00,,,,54.0,12.00,,,,
ZcTag087,180757,1.000000,Transmission,Mk10,09-Jun-2019,09:00:00,,,,195.0,25.00,,,,
ZcTag087,180757,1.000000,Transmission,Mk10,09-Jun-2019,09:05:00,,,,195.0,25.00,,,,
ZcTag087,180757,1.000000,Transmission,Mk10,09-Jun-2019,09:10:00,,,,195.0,25.00,,,,
ZcTag087,180757,1.000000,Transmission,Mk10,09-Jun-2019,09:15:00,,,,11.0,11.00,,,,
ZcTag087,180757,1.000000,Transmission,Mk10,09-Jun-2019,09:20:00,,,,151.0,24.50,,,,
ZcTag087,180757,1.000000,Transmission,Mk10,09-Jun-2019,09:25:00,,,,238.0,25.00,,,,
ZcTag087,180757,1.000000,Transmission,Mk10,09-Jun-2019,09:30:00,,,,195.0,25.00,,,,
ZcTag087,180757,1.000000,Transmission,Mk10,09-Jun-2019,09:35:00,,,,11.0,11.00,,,,
ZcTag087,180757,1.000000,Transmission,Mk10,09-Jun-2019,09:40:00,,,,195.0,25.00,,,,
ZcTag087,180757,1.000000,Transmission,Mk10,09-Jun-2019,09:45:00,,,,238.0,25.00,,,,
ZcTag087,180757,1.000000,Transmission,Mk10,09-Jun-2019,09:50:00,,,,195.0,25.00,,,,
ZcTag087,180757,1.000000,Transmission,Mk10,09-Jun-2019,09:55:00,,,,11.0,11.00,,,,
ZcTag087,180757,1.000000,Transmission,Mk10,09-Jun-2019,10:00:00,,,,303.0,48.00,,,,
ZcTag087,180757,1.000000,Transmission,Mk10,09-Jun-2019,10:05:00,,,,865.0,99.00,,,,
ZcTag087,180757,1.000000,Transmission,Mk10,09-Jun-2019,10:10:00,,,,1211.0,104.00,,,,
ZcTag087,180757,1.000000,Transmission,Mk10,09-Jun-2019,10:15:00,,,,1211.0,104.00,,,,
ZcTag087,180757,1.000000,Transmission,Mk10,09-Jun-2019,10:20:00,,,,1211.0,104.00,,,,
ZcTag087,180757,1.000000,Transmission,Mk10,09-Jun-2019,10:25:00,,,,1211.0,104.00,,,,
ZcTag087,180757,1.000000,Transmission,Mk10,09-Jun-2019,10:30:00,,,,865.0,99.00,,,,
ZcTag087,180757,1.000000,Transmission,Mk10,09-Jun-2019,10:35:00,,,,692.0,96.50,,,,
ZcTag087,180757,1.000000,Transmission,Mk10,09-Jun-2019,10:40:00,,,,389.0,49.50,,,,
ZcTag087,180757,1.000000,Transmission,Mk10,09-Jun-2019,10:45:00,,,,11.0,11.00,,,,
ZcTag087,180757,1.000000,Transmission,Mk10,09-Jun-2019,10:50:00,,,,238.0,25.00,,,,
ZcTag087,180757,1.000000,Transmission,Mk10,09-Jun-2019,10:55:00,,,,303.0,48.00,,,,
ZcTag087,180757,1.000000,Transmission,Mk10,09-Jun-2019,11:00:00,,,,303.0,48.00,,,,
ZcTag087,180757,1.000000,Transmission,Mk10,09-Jun-2019,11:05:00,,,,195.0,25.00,,,,
ZcTag087,180757,1.000000,Transmission,Mk10,09-Jun-2019,11:10:00,,,,11.0,11.00,,,,
ZcTag087,180757,1.000000,Transmission,Mk10,09-Jun-2019,11:15:00,,,,238.0,25.00,,,,
ZcTag087,180757,1.000000,Transmission,Mk10,09-Jun-2019,11:20:00,,,,303.0,48.00,,,,
ZcTag087,180757,1.000000,Transmission,Mk10,09-Jun-2019,11:25:00,,,,238.0,25.00,,,,
ZcTag087,180757,1.000000,Transmission,Mk10,09-Jun-2019,11:30:00,,,,11.0,11.00,,,,
ZcTag087,180757,1.000000,Transmission,Mk10,09-Jun-2019,11:35:00,,,,195.0,25.00,,,,
ZcTag087,180757,1.000000,Transmission,Mk10,09-Jun-2019,11:40:00,,,,303.0,48.00,,,,
ZcTag087,180757,1.000000,Transmission,Mk10,09-Jun-2019,11:45:00,,,,303.0,48.00,,,,
ZcTag087,180757,1.000000,Transmission,Mk10,09-Jun-2019,11:50:00,,,,303.0,48.00,,,,
ZcTag087,180757,1.000000,Transmission,Mk10,09-Jun-2019,11:55:00,,,,11.0,11.00,,,,
ZcTag087,180757,1.000000,Transmission,Mk10,09-Jun-2019,12:00:00,,,,113.0,24.50,,,,
ZcTag087,180757,1.000000,Transmission,Mk10,09-Jun-2019,12:05:00,,,,249.0,25.50,,,,
ZcTag087,180757,1.000000,Transmission,Mk10,09-Jun-2019,12:10:00,,,,317.0,49.50,,,,
ZcTag087,180757,1.000000,Transmission,Mk10,09-Jun-2019,12:15:00,,,,317.0,49.50,,,,
ZcTag087,180757,1.000000,Transmission,Mk10,09-Jun-2019,12:20:00,,,,204.0,25.50,,,,
ZcTag087,180757,1.000000,Transmission,Mk10,09-Jun-2019,12:25:00,,,,11.0,11.50,,,,
ZcTag087,180757,1.000000,Transmission,Mk10,09-Jun-2019,12:30:00,,,,204.0,25.50,,,,
ZcTag087,180757,1.000000,Transmission,Mk10,09-Jun-2019,12:35:00,,,,249.0,25.50,,,,
ZcTag087,180757,1.000000,Transmission,Mk10,09-Jun-2019,12:40:00,,,,56.0,12.50,,,,
ZcTag087,180757,1.000000,Transmission,Mk10,09-Jun-2019,12:45:00,,,,113.0,24.50,,,,
ZcTag087,180757,1.000000,Transmission,Mk10,09-Jun-2019,12:50:00,,,,726.0,99.00,,,,
ZcTag087,180757,1.000000,Transmission,Mk10,09-Jun-2019,12:55:00,,,,1088.0,103.00,,,,
ZcTag087,180757,1.000000,Transmission,Mk10,09-Jun-2019,13:00:00,,,,1270.0,106.50,,,,
ZcTag087,180757,1.000000,Transmission,Mk10,09-Jun-2019,13:05:00,,,,1270.0,106.50,,,,
ZcTag087,180757,1.000000,Transmission,Mk10,09-Jun-2019,13:10:00,,,,1270.0,106.50,,,,
ZcTag087,180757,1.000000,Transmission,Mk10,09-Jun-2019,13:15:00,,,,1270.0,106.50,,,,
ZcTag087,180757,1.000000,Transmission,Mk10,09-Jun-2019,13:20:00,,,,1270.0,106.50,,,,
ZcTag087,180757,1.000000,Transmission,Mk10,09-Jun-2019,13:25:00,,,,1088.0,103.00,,,,
ZcTag087,180757,1.000000,Transmission,Mk10,09-Jun-2019,13:30:00,,,,1088.0,103.00,,,,
ZcTag087,180757,1.000000,Transmission,Mk10,09-Jun-2019,13:35:00,,,,907.0,101.00,,,,
ZcTag087,180757,1.000000,Transmission,Mk10,09-Jun-2019,13:40:00,,,,589.0,52.50,,,,
ZcTag087,180757,1.000000,Transmission,Mk10,09-Jun-2019,13:45:00,,,,408.0,50.50,,,,
ZcTag087,180757,1.000000,Transmission,Mk10,09-Jun-2019,13:50:00,,,,11.0,11.50,,,,
ZcTag087,180757,1.000000,Transmission,Mk10,09-Jun-2019,13:55:00,,,,204.0,25.50,,,,
ZcTag087,180757,1.000000,Transmission,Mk10,09-Jun-2019,14:00:00,,,,317.0,49.50,,,,
ZcTag087,180757,1.000000,Transmission,Mk10,09-Jun-2019,14:05:00,,,,317.0,49.50,,,,
ZcTag087,180757,1.000000,Transmission,Mk10,09-Jun-2019,14:10:00,,,,204.0,25.50,,,,
ZcTag087,180757,1.000000,Transmission,Mk10,09-Jun-2019,14:15:00,,,,11.0,11.50,,,,
ZcTag087,180757,1.000000,Transmission,Mk10,09-Jun-2019,14:20:00,,,,204.0,25.50,,,,
ZcTag087,180757,1.000000,Transmission,Mk10,09-Jun-2019,14:25:00,,,,317.0,49.50,,,,
ZcTag087,180757,1.000000,Transmission,Mk10,09-Jun-2019,14:30:00,,,,317.0,49.50,,,,
ZcTag087,180757,1.000000,Transmission,Mk10,09-Jun-2019,14:35:00,,,,317.0,49.50,,,,
ZcTag087,180757,1.000000,Transmission,Mk10,09-Jun-2019,14:40:00,,,,249.0,25.50,,,,
ZcTag087,180757,1.000000,Transmission,Mk10,09-Jun-2019,14:45:00,,,,11.0,11.50,,,,
ZcTag087,180757,1.000000,Transmission,Mk10,09-Jun-2019,14:50:00,,,,159.0,25.00,,,,
ZcTag087,180757,1.000000,Transmission,Mk10,09-Jun-2019,14:55:00,,,,204.0,25.50,,,,
ZcTag087,180757,1.000000,Transmission,Mk10,09-Jun-2019,15:00:00,,,,249.0,25.50,,,,
ZcTag087,180757,1.000000,Transmission,Mk10,09-Jun-2019,15:05:00,,,,204.0,25.50,,,,
ZcTag087,180757,1.000000,Transmission,Mk10,09-Jun-2019,15:10:00,,,,79.0,12.50,,,,
ZcTag087,180757,1.000000,Transmission,Mk10,09-Jun-2019,15:15:00,,,,113.0,24.50,,,,
ZcTag087,180757,1.000000,Transmission,Mk10,09-Jun-2019,15:20:00,,,,249.0,25.50,,,,
ZcTag087,180757,1.000000,Transmission,Mk10,09-Jun-2019,15:25:00,,,,249.0,25.50,,,,
ZcTag087,180757,1.000000,Transmission,Mk10,09-Jun-2019,15:30:00,,,,113.0,24.50,,,,
ZcTag087,180757,1.000000,Transmission,Mk10,09-Jun-2019,15:35:00,,,,11.0,11.50,,,,
ZcTag087,180757,1.000000,Transmission,Mk10,09-Jun-2019,15:40:00,,,,408.0,50.50,,,,
ZcTag087,180757,1.000000,Transmission,Mk10,09-Jun-2019,15:45:00,,,,907.0,101.00,,,,
ZcTag087,180757,1.000000,Transmission,Mk10,09-Jun-2019,15:50:00,,,,1088.0,103.00,,,,
ZcTag087,180757,1.000000,Transmission,Mk10,09-Jun-2019,15:55:00,,,,1088.0,103.00,,,,
ZcTag087,180757,1.000000,Transmission,Mk10,09-Jun-2019,16:00:00,,,,1152.0,97.00,,,,
ZcTag087,180757,1.000000,Transmission,Mk10,09-Jun-2019,16:05:00,,,,1152.0,97.00,,,,
ZcTag087,180757,1.000000,Transmission,Mk10,09-Jun-2019,16:10:00,,,,1152.0,97.00,,,,
ZcTag087,180757,1.000000,Transmission,Mk10,09-Jun-2019,16:15:00,,,,987.0,94.50,,,,
ZcTag087,180757,1.000000,Transmission,Mk10,09-Jun-2019,16:20:00,,,,987.0,94.50,,,,
ZcTag087,180757,1.000000,Transmission,Mk10,09-Jun-2019,16:25:00,,,,823.0,93.00,,,,
ZcTag087,180757,1.000000,Transmission,Mk10,09-Jun-2019,16:30:00,,,,658.0,90.50,,,,
ZcTag087,180757,1.000000,Transmission,Mk10,09-Jun-2019,16:35:00,,,,370.0,46.50,,,,
ZcTag087,180757,1.000000,Transmission,Mk10,09-Jun-2019,16:40:00,,,,10.0,10.50,,,,
ZcTag087,180757,1.000000,Transmission,Mk10,09-Jun-2019,16:45:00,,,,144.0,23.00,,,,
ZcTag087,180757,1.000000,Transmission,Mk10,09-Jun-2019,16:50:00,,,,226.0,23.50,,,,
ZcTag087,180757,1.000000,Transmission,Mk10,09-Jun-2019,16:55:00,,,,185.0,23.50,,,,
ZcTag087,180757,1.000000,Transmission,Mk10,09-Jun-2019,17:00:00,,,,31.0,11.00,,,,
ZcTag087,180757,1.000000,Transmission,Mk10,09-Jun-2019,17:05:00,,,,144.0,23.00,,,,
ZcTag087,180757,1.000000,Transmission,Mk10,09-Jun-2019,17:10:00,,,,185.0,23.50,,,,
ZcTag087,180757,1.000000,Transmission,Mk10,09-Jun-2019,17:15:00,,,,226.0,23.50,,,,
ZcTag087,180757,1.000000,Transmission,Mk10,09-Jun-2019,17:20:00,,,,226.0,23.50,,,,
ZcTag087,180757,1.000000,Transmission,Mk10,09-Jun-2019,17:25:00,,,,10.0,10.50,,,,
ZcTag087,180757,1.000000,Transmission,Mk10,09-Jun-2019,17:30:00,,,,144.0,23.00,,,,
ZcTag087,180757,1.000000,Transmission,Mk10,09-Jun-2019,17:35:00,,,,226.0,23.50,,,,
ZcTag087,180757,1.000000,Transmission,Mk10,09-Jun-2019,17:40:00,,,,288.0,45.00,,,,
ZcTag087,180757,1.000000,Transmission,Mk10,09-Jun-2019,17:45:00,,,,288.0,45.00,,,,
ZcTag087,180757,1.000000,Transmission,Mk10,09-Jun-2019,17:50:00,,,,31.0,11.00,,,,
ZcTag087,180757,1.000000,Transmission,Mk10,09-Jun-2019,17:55:00,,,,144.0,23.00,,,,
ZcTag087,180757,1.000000,Transmission,Mk10,09-Jun-2019,18:00:00,,,,226.0,23.50,,,,
ZcTag087,180757,1.000000,Transmission,Mk10,09-Jun-2019,18:05:00,,,,288.0,45.00,,,,
ZcTag087,180757,1.000000,Transmission,Mk10,09-Jun-2019,18:10:00,,,,288.0,45.00,,,,
ZcTag087,180757,1.000000,Transmission,Mk10,09-Jun-2019,18:15:00,,,,144.0,23.00,,,,
ZcTag087,180757,1.000000,Transmission,Mk10,09-Jun-2019,18:20:00,,,,72.0,12.00,,,,
ZcTag087,180757,1.000000,Transmission,Mk10,09-Jun-2019,18:25:00,,,,185.0,23.50,,,,
ZcTag087,180757,1.000000,Transmission,Mk10,09-Jun-2019,18:30:00,,,,10.0,10.50,,,,
ZcTag087,180757,1.000000,Transmission,Mk10,09-Jun-2019,18:35:00,,,,226.0,23.50,,,,
ZcTag087,180757,1.000000,Transmission,Mk10,09-Jun-2019,18:40:00,,,,823.0,93.00,,,,
ZcTag087,180757,1.000000,Transmission,Mk10,09-Jun-2019,18:45:00,,,,987.0,94.50,,,,
ZcTag087,180757,1.000000,Transmission,Mk10,09-Jun-2019,18:50:00,,,,823.0,93.00,,,,
ZcTag087,180757,1.000000,Transmission,Mk10,09-Jun-2019,18:55:00,,,,823.0,93.00,,,,
ZcTag087,180757,1.000000,Transmission,Mk10,09-Jun-2019,19:00:00,,,,823.0,93.00,,,,
ZcTag087,180757,1.000000,Transmission,Mk10,09-Jun-2019,19:05:00,,,,823.0,93.00,,,,
ZcTag087,180757,1.000000,Transmission,Mk10,09-Jun-2019,19:10:00,,,,823.0,93.00,,,,
ZcTag087,180757,1.000000,Transmission,Mk10,09-Jun-2019,19:15:00,,,,658.0,90.50,,,,
ZcTag087,180757,1.000000,Transmission,Mk10,09-Jun-2019,19:20:00,,,,453.0,47.00,,,,
ZcTag087,180757,1.000000,Transmission,Mk10,09-Jun-2019,19:25:00,,,,72.0,12.00,,,,
ZcTag087,180757,1.000000,Transmission,Mk10,09-Jun-2019,19:30:00,,,,144.0,23.00,,,,
ZcTag087,180757,1.000000,Transmission,Mk10,09-Jun-2019,19:35:00,,,,185.0,23.50,,,,
ZcTag087,180757,1.000000,Transmission,Mk10,09-Jun-2019,19:40:00,,,,226.0,23.50,,,,
ZcTag087,180757,1.000000,Transmission,Mk10,09-Jun-2019,19:45:00,,,,31.0,11.00,,,,
ZcTag087,180757,1.000000,Transmission,Mk10,09-Jun-2019,19:50:00,,,,144.0,23.00,,,,
ZcTag087,180757,1.000000,Transmission,Mk10,09-Jun-2019,19:55:00,,,,185.0,23.50,,,,
ZcTag087,180757,1.000000,Transmission,Mk10,09-Jun-2019,20:00:00,,,,273.0,43.00,,,,
ZcTag087,180757,1.000000,Transmission,Mk10,09-Jun-2019,20:05:00,,,,175.0,22.50,,,,
ZcTag087,180757,1.000000,Transmission,Mk10,09-Jun-2019,20:10:00,,,,10.0,10.00,,,,
ZcTag087,180757,1.000000,Transmission,Mk10,09-Jun-2019,20:15:00,,,,175.0,22.50,,,,
ZcTag087,180757,1.000000,Transmission,Mk10,09-Jun-2019,20:20:00,,,,214.0,22.50,,,,
ZcTag087,180757,1.000000,Transmission,Mk10,09-Jun-2019,20:25:00,,,,273.0,43.00,,,,
ZcTag087,180757,1.000000,Transmission,Mk10,09-Jun-2019,20:30:00,,,,49.0,11.00,,,,
ZcTag087,180757,1.000000,Transmission,Mk10,09-Jun-2019,20:35:00,,,,136.0,21.50,,,,
ZcTag087,180757,1.000000,Transmission,Mk10,09-Jun-2019,20:40:00,,,,175.0,22.50,,,,
ZcTag087,180757,1.000000,Transmission,Mk10,09-Jun-2019,20:45:00,,,,214.0,22.50,,,,
ZcTag087,180757,1.000000,Transmission,Mk10,09-Jun-2019,20:50:00,,,,97.0,21.50,,,,
ZcTag087,180757,1.000000,Transmission,Mk10,09-Jun-2019,20:55:00,,,,68.0,11.00,,,,
ZcTag087,180757,1.000000,Transmission,Mk10,09-Jun-2019,21:00:00,,,,623.0,86.50,,,,
ZcTag087,180757,1.000000,Transmission,Mk10,09-Jun-2019,21:05:00,,,,779.0,88.00,,,,
ZcTag087,180757,1.000000,Transmission,Mk10,09-Jun-2019,21:10:00,,,,934.0,90.50,,,,
ZcTag087,180757,1.000000,Transmission,Mk10,09-Jun-2019,21:15:00,,,,1091.0,93.50,,,,
ZcTag087,180757,1.000000,Transmission,Mk10,09-Jun-2019,21:20:00,,,,1091.0,93.50,,,,
ZcTag087,180757,1.000000,Transmission,Mk10,09-Jun-2019,21:25:00,,,,1091.0,93.50,,,,
ZcTag087,180757,1.000000,Transmission,Mk10,09-Jun-2019,21:30:00,,,,1091.0,93.50,,,,
ZcTag087,180757,1.000000,Transmission,Mk10,09-Jun-2019,21:35:00,,,,934.0,90.50,,,,
ZcTag087,180757,1.000000,Transmission,Mk10,09-Jun-2019,21:40:00,,,,934.0,90.50,,,,
ZcTag087,180757,1.000000,Transmission,Mk10,09-Jun-2019,21:45:00,,,,779.0,88.00,,,,
ZcTag087,180757,1.000000,Transmission,Mk10,09-Jun-2019,21:50:00,,,,623.0,86.50,,,,
ZcTag087,180757,1.000000,Transmission,Mk10,09-Jun-2019,21:55:00,,,,351.0,44.00,,,,
ZcTag087,180757,1.000000,Transmission,Mk10,09-Jun-2019,22:00:00,,,,10.0,10.00,,,,
ZcTag087,180757,1.000000,Transmission,Mk10,09-Jun-2019,22:05:00,,,,214.0,22.50,,,,
ZcTag087,180757,1.000000,Transmission,Mk10,09-Jun-2019,22:10:00,,,,273.0,43.00,,,,
ZcTag087,180757,1.000000,Transmission,Mk10,09-Jun-2019,22:15:00,,,,351.0,44.00,,,,
ZcTag087,180757,1.000000,Transmission,Mk10,09-Jun-2019,22:20:00,,,,175.0,22.50,,,,
ZcTag087,180757,1.000000,Transmission,Mk10,09-Jun-2019,22:25:00,,,,10.0,10.00,,,,
ZcTag087,180757,1.000000,Transmission,Mk10,09-Jun-2019,22:30:00,,,,214.0,22.50,,,,
ZcTag087,180757,1.000000,Transmission,Mk10,09-Jun-2019,22:35:00,,,,273.0,43.00,,,,
ZcTag087,180757,1.000000,Transmission,Mk10,09-Jun-2019,22:40:00,,,,273.0,43.00,,,,
ZcTag087,180757,1.000000,Transmission,Mk10,09-Jun-2019,22:45:00,,,,136.0,21.50,,,,
ZcTag087,180757,1.000000,Transmission,Mk10,09-Jun-2019,22:50:00,,,,49.0,11.00,,,,
ZcTag087,180757,1.000000,Transmission,Mk10,09-Jun-2019,22:55:00,,,,175.0,22.50,,,,
ZcTag087,180757,1.000000,Transmission,Mk10,09-Jun-2019,23:00:00,,,,214.0,22.50,,,,
ZcTag087,180757,1.000000,Transmission,Mk10,09-Jun-2019,23:05:00,,,,214.0,22.50,,,,
ZcTag087,180757,1.000000,Transmission,Mk10,09-Jun-2019,23:10:00,,,,29.0,10.50,,,,
ZcTag087,180757,1.000000,Transmission,Mk10,09-Jun-2019,23:15:00,,,,136.0,21.50,,,,
ZcTag087,180757,1.000000,Transmission,Mk10,09-Jun-2019,23:20:00,,,,214.0,22.50,,,,
ZcTag087,180757,1.000000,Transmission,Mk10,09-Jun-2019,23:25:00,,,,273.0,43.00,,,,
ZcTag087,180757,1.000000,Transmission,Mk10,09-Jun-2019,23:30:00,,,,175.0,22.50,,,,
ZcTag087,180757,1.000000,Transmission,Mk10,09-Jun-2019,23:35:00,,,,10.0,10.00,,,,
ZcTag087,180757,1.000000,Transmission,Mk10,09-Jun-2019,23:40:00,,,,428.0,44.50,,,,
ZcTag087,180757,1.000000,Transmission,Mk10,09-Jun-2019,23:45:00,,,,779.0,88.00,,,,
ZcTag087,180757,1.000000,Transmission,Mk10,09-Jun-2019,23:50:00,,,,934.0,90.50,,,,
ZcTag087,180757,1.000000,Transmission,Mk10,09-Jun-2019,23:55:00,,,,934.0,90.50,,,,
ZcTag087,180757,1.000000,Transmission,Mk10,10-Jun-2019,00:00:00,,,,934.0,90.50,,,,
ZcTag087,180757,1.000000,Transmission,Mk10,10-Jun-2019,00:05:00,,,,934.0,90.50,,,,
ZcTag087,180757,1.000000,Transmission,Mk10,10-Jun-2019,00:10:00,,,,934.0,90.50,,,,
ZcTag087,180757,1.000000,Transmission,Mk10,10-Jun-2019,00:15:00,,,,1091.0,93.50,,,,
ZcTag087,180757,1.000000,Transmission,Mk10,10-Jun-2019,00:20:00,,,,934.0,90.50,,,,
ZcTag087,180757,1.000000,Transmission,Mk10,10-Jun-2019,00:25:00,,,,1091.0,93.50,,,,
ZcTag087,180757,1.000000,Transmission,Mk10,10-Jun-2019,00:30:00,,,,934.0,90.50,,,,
ZcTag087,180757,1.000000,Transmission,Mk10,10-Jun-2019,00:35:00,,,,934.0,90.50,,,,
ZcTag087,180757,1.000000,Transmission,Mk10,10-Jun-2019,00:40:00,,,,779.0,88.00,,,,
ZcTag087,180757,1.000000,Transmission,Mk10,10-Jun-2019,00:45:00,,,,351.0,44.00,,,,
ZcTag087,180757,1.000000,Transmission,Mk10,10-Jun-2019,00:50:00,,,,10.0,10.00,,,,
ZcTag087,180757,1.000000,Transmission,Mk10,10-Jun-2019,00:55:00,,,,214.0,22.50,,,,
ZcTag087,180757,1.000000,Transmission,Mk10,10-Jun-2019,01:00:00,,,,273.0,43.00,,,,
ZcTag087,180757,1.000000,Transmission,Mk10,10-Jun-2019,01:05:00,,,,351.0,44.00,,,,
ZcTag087,180757,1.000000,Transmission,Mk10,10-Jun-2019,01:10:00,,,,10.0,10.00,,,,
ZcTag087,180757,1.000000,Transmission,Mk10,10-Jun-2019,01:15:00,,,,97.0,21.50,,,,
ZcTag087,180757,1.000000,Transmission,Mk10,10-Jun-2019,01:20:00,,,,273.0,43.00,,,,
ZcTag087,180757,1.000000,Transmission,Mk10,10-Jun-2019,01:25:00,,,,351.0,44.00,,,,
ZcTag087,180757,1.000000,Transmission,Mk10,10-Jun-2019,01:30:00,,,,273.0,43.00,,,,
ZcTag087,180757,1.000000,Transmission,Mk10,10-Jun-2019,01:35:00,,,,29.0,10.50,,,,
ZcTag087,180757,1.000000,Transmission,Mk10,10-Jun-2019,01:40:00,,,,136.0,21.50,,,,
ZcTag087,180757,1.000000,Transmission,Mk10,10-Jun-2019,01:45:00,,,,214.0,22.50,,,,
ZcTag087,180757,1.000000,Transmission,Mk10,10-Jun-2019,01:50:00,,,,175.0,22.50,,,,
ZcTag087,180757,1.000000,Transmission,Mk10,10-Jun-2019,01:55:00,,,,29.0,10.50,,,,
ZcTag087,180757,1.000000,Transmission,Mk10,10-Jun-2019,02:00:00,,,,136.0,21.50,,,,
ZcTag087,180757,1.000000,Transmission,Mk10,10-Jun-2019,02:05:00,,,,428.0,44.50,,,,
ZcTag087,180757,1.000000,Transmission,Mk10,10-Jun-2019,02:10:00,,,,428.0,44.50,,,,
ZcTag087,180757,1.000000,Transmission,Mk10,10-Jun-2019,02:15:00,,,,351.0,44.00,,,,
ZcTag087,180757,1.000000,Transmission,Mk10,10-Jun-2019,02:20:00,,,,273.0,43.00,,,,
ZcTag087,180757,1.000000,Transmission,Mk10,10-Jun-2019,02:25:00,,,,10.0,10.00,,,,
ZcTag087,180757,1.000000,Transmission,Mk10,10-Jun-2019,02:30:00,,,,175.0,22.50,,,,
ZcTag087,180757,1.000000,Transmission,Mk10,10-Jun-2019,02:35:00,,,,97.0,21.50,,,,
ZcTag087,180757,1.000000,Transmission,Mk10,10-Jun-2019,02:40:00,,,,68.0,11.00,,,,
ZcTag087,180757,1.000000,Transmission,Mk10,10-Jun-2019,02:45:00,,,,623.0,86.50,,,,
ZcTag087,180757,1.000000,Transmission,Mk10,10-Jun-2019,02:50:00,,,,1091.0,93.50,,,,
ZcTag087,180757,1.000000,Transmission,Mk10,10-Jun-2019,02:55:00,,,,1091.0,93.50,,,,
ZcTag087,180757,1.000000,Transmission,Mk10,10-Jun-2019,03:00:00,,,,1091.0,93.50,,,,
ZcTag087,180757,1.000000,Transmission,Mk10,10-Jun-2019,03:05:00,,,,1091.0,93.50,,,,
ZcTag087,180757,1.000000,Transmission,Mk10,10-Jun-2019,03:10:00,,,,934.0,90.50,,,,
ZcTag087,180757,1.000000,Transmission,Mk10,10-Jun-2019,03:15:00,,,,934.0,90.50,,,,
ZcTag087,180757,1.000000,Transmission,Mk10,10-Jun-2019,03:20:00,,,,934.0,90.50,,,,
ZcTag087,180757,1.000000,Transmission,Mk10,10-Jun-2019,03:25:00,,,,779.0,88.00,,,,
ZcTag087,180757,1.000000,Transmission,Mk10,10-Jun-2019,03:30:00,,,,623.0,86.50,,,,
ZcTag087,180757,1.000000,Transmission,Mk10,10-Jun-2019,03:35:00,,,,273.0,43.00,,,,
ZcTag087,180757,1.000000,Transmission,Mk10,10-Jun-2019,03:40:00,,,,10.0,10.00,,,,
ZcTag087,180757,1.000000,Transmission,Mk10,10-Jun-2019,03:45:00,,,,175.0,22.50,,,,
ZcTag087,180757,1.000000,Transmission,Mk10,10-Jun-2019,03:50:00,,,,273.0,43.00,,,,
ZcTag087,180757,1.000000,Transmission,Mk10,10-Jun-2019,03:55:00,,,,175.0,22.50,,,,
ZcTag087,180757,1.000000,Transmission,Mk10,10-Jun-2019,04:00:00,,,,10.0,10.50,,,,
ZcTag087,180757,1.000000,Transmission,Mk10,10-Jun-2019,04:05:00,,,,144.0,23.00,,,,
ZcTag087,180757,1.000000,Transmission,Mk10,10-Jun-2019,04:10:00,,,,226.0,23.50,,,,
ZcTag087,180757,1.000000,Transmission,Mk10,10-Jun-2019,04:15:00,,,,185.0,23.50,,,,
ZcTag087,180757,1.000000,Transmission,Mk10,10-Jun-2019,04:20:00,,,,10.0,10.50,,,,
ZcTag087,180757,1.000000,Transmission,Mk10,10-Jun-2019,04:25:00,,,,103.0,22.00,,,,
ZcTag087,180757,1.000000,Transmission,Mk10,10-Jun-2019,04:30:00,,,,185.0,23.50,,,,
ZcTag087,180757,1.000000,Transmission,Mk10,10-Jun-2019,04:35:00,,,,144.0,23.00,,,,
ZcTag087,180757,1.000000,Transmission,Mk10,10-Jun-2019,04:40:00,,,,10.0,10.50,,,,
ZcTag087,180757,1.000000,Transmission,Mk10,10-Jun-2019,04:45:00,,,,10.0,10.50,,,,
ZcTag087,180757,1.000000,Transmission,Mk10,10-Jun-2019,04:50:00,,,,453.0,47.00,,,,
ZcTag087,180757,1.000000,Transmission,Mk10,10-Jun-2019,04:55:00,,,,987.0,94.50,,,,
ZcTag087,180757,1.000000,Transmission,Mk10,10-Jun-2019,05:00:00,,,,987.0,94.50,,,,
ZcTag087,180757,1.000000,Transmission,Mk10,10-Jun-2019,05:05:00,,,,987.0,94.50,,,,
ZcTag087,180757,1.000000,Transmission,Mk10,10-Jun-2019,05:10:00,,,,987.0,94.50,,,,
ZcTag087,180757,1.000000,Transmission,Mk10,10-Jun-2019,05:15:00,,,,987.0,94.50,,,,
ZcTag087,180757,1.000000,Transmission,Mk10,10-Jun-2019,05:20:00,,,,658.0,90.50,,,,
ZcTag087,180757,1.000000,Transmission,Mk10,10-Jun-2019,05:25:00,,,,288.0,45.00,,,,
ZcTag087,180757,1.000000,Transmission,Mk10,10-Jun-2019,05:30:00,,,,10.0,10.50,,,,
ZcTag087,180757,1.000000,Transmission,Mk10,10-Jun-2019,05:35:00,,,,144.0,23.00,,,,
ZcTag087,180757,1.000000,Transmission,Mk10,10-Jun-2019,05:40:00,,,,185.0,23.50,,,,
ZcTag087,180757,1.000000,Transmission,Mk10,10-Jun-2019,05:45:00,,,,144.0,23.00,,,,
ZcTag087,180757,1.000000,Transmission,Mk10,10-Jun-2019,05:50:00,,,,10.0,10.50,,,,
ZcTag087,180757,1.000000,Transmission,Mk10,10-Jun-2019,05:55:00,,,,144.0,23.00,,,,
ZcTag087,180757,1.000000,Transmission,Mk10,10-Jun-2019,06:00:00,,,,185.0,23.50,,,,
ZcTag087,180757,1.000000,Transmission,Mk10,10-Jun-2019,06:05:00,,,,10.0,10.50,,,,
ZcTag087,180757,1.000000,Transmission,Mk10,10-Jun-2019,06:10:00,,,,226.0,23.50,,,,
ZcTag087,180757,1.000000,Transmission,Mk10,10-Jun-2019,06:15:00,,,,823.0,93.00,,,,
ZcTag087,180757,1.000000,Transmission,Mk10,10-Jun-2019,06:20:00,,,,1152.0,97.00,,,,
ZcTag087,180757,1.000000,Transmission,Mk10,10-Jun-2019,06:25:00,,,,1152.0,97.00,,,,
ZcTag087,180757,1.000000,Transmission,Mk10,10-Jun-2019,06:30:00,,,,1152.0,97.00,,,,
ZcTag087,180757,1.000000,Transmission,Mk10,10-Jun-2019,06:35:00,,,,1152.0,97.00,,,,
ZcTag087,180757,1.000000,Transmission,Mk10,10-Jun-2019,06:40:00,,,,658.0,90.50,,,,
ZcTag087,180757,1.000000,Transmission,Mk10,10-Jun-2019,06:45:00,,,,288.0,45.00,,,,
ZcTag087,180757,1.000000,Transmission,Mk10,10-Jun-2019,06:50:00,,,,10.0,10.50,,,,
ZcTag087,180757,1.000000,Transmission,Mk10,10-Jun-2019,06:55:00,,,,144.0,23.00,,,,
ZcTag087,180757,1.000000,Transmission,Mk10,10-Jun-2019,07:00:00,,,,226.0,23.50,,,,
ZcTag087,180757,1.000000,Transmission,Mk10,10-Jun-2019,07:05:00,,,,226.0,23.50,,,,
ZcTag087,180757,1.000000,Transmission,Mk10,10-Jun-2019,07:10:00,,,,51.0,11.50,,,,
ZcTag087,180757,1.000000,Transmission,Mk10,10-Jun-2019,07:15:00,,,,51.0,11.50,,,,
ZcTag087,180757,1.000000,Transmission,Mk10,10-Jun-2019,07:20:00,,,,185.0,23.50,,,,
ZcTag087,180757,1.000000,Transmission,Mk10,10-Jun-2019,07:25:00,,,,185.0,23.50,,,,
ZcTag087,180757,1.000000,Transmission,Mk10,10-Jun-2019,07:30:00,,,,10.0,10.50,,,,
ZcTag087,180757,1.000000,Transmission,Mk10,10-Jun-2019,07:35:00,,,,10.0,10.50,,,,
ZcTag087,180757,1.000000,Transmission,Mk10,10-Jun-2019,07:40:00,,,,453.0,47.00,,,,
ZcTag087,180757,1.000000,Transmission,Mk10,10-Jun-2019,07:45:00,,,,987.0,94.50,,,,
ZcTag087,180757,1.000000,Transmission,Mk10,10-Jun-2019,07:50:00,,,,1152.0,97.00,,,,
ZcTag087,180757,1.000000,Transmission,Mk10,10-Jun-2019,07:55:00,,,,1152.0,97.00,,,,
ZcTag087,180757,1.000000,Transmission,Mk10,10-Jun-2019,08:00:00,,,,1181.0,100.00,,,,
ZcTag087,180757,1.000000,Transmission,Mk10,10-Jun-2019,08:05:00,,,,1011.0,96.50,,,,
ZcTag087,180757,1.000000,Transmission,Mk10,10-Jun-2019,08:10:00,,,,548.0,49.00,,,,
ZcTag087,180757,1.000000,Transmission,Mk10,10-Jun-2019,08:15:00,,,,147.0,23.50,,,,
ZcTag087,180757,1.000000,Transmission,Mk10,10-Jun-2019,08:20:00,,,,11.0,11.00,,,,
ZcTag087,180757,1.000000,Transmission,Mk10,10-Jun-2019,08:25:00,,,,190.0,24.00,,,,
ZcTag087,180757,1.000000,Transmission,Mk10,10-Jun-2019,08:30:00,,,,232.0,24.00,,,,
ZcTag087,180757,1.000000,Transmission,Mk10,10-Jun-2019,08:35:00,,,,295.0,46.00,,,,
ZcTag087,180757,1.000000,Transmission,Mk10,10-Jun-2019,08:40:00,,,,31.0,11.50,,,,
ZcTag087,180757,1.000000,Transmission,Mk10,10-Jun-2019,08:45:00,,,,31.0,11.50,,,,
ZcTag087,180757,1.000000,Transmission,Mk10,10-Jun-2019,08:50:00,,,,190.0,24.00,,,,
ZcTag087,180757,1.000000,Transmission,Mk10,10-Jun-2019,08:55:00,,,,190.0,24.00,,,,
ZcTag087,180757,1.000000,Transmission,Mk10,10-Jun-2019,09:00:00,,,,11.0,11.00,,,,
ZcTag087,180757,1.000000,Transmission,Mk10,10-Jun-2019,09:05:00,,,,147.0,23.50,,,,
ZcTag087,180757,1.000000,Transmission,Mk10,10-Jun-2019,09:10:00,,,,674.0,92.50,,,,
ZcTag087,180757,1.000000,Transmission,Mk10,10-Jun-2019,09:15:00,,,,1011.0,96.50,,,,
ZcTag087,180757,1.000000,Transmission,Mk10,10-Jun-2019,09:20:00,,,,1181.0,100.00,,,,
ZcTag087,180757,1.000000,Transmission,Mk10,10-Jun-2019,09:25:00,,,,1181.0,100.00,,,,
ZcTag087,180757,1.000000,Transmission,Mk10,10-Jun-2019,09:30:00,,,,1011.0,96.50,,,,
ZcTag087,180757,1.000000,Transmission,Mk10,10-Jun-2019,09:35:00,,,,843.0,95.00,,,,
ZcTag087,180757,1.000000,Transmission,Mk10,10-Jun-2019,09:40:00,,,,464.0,48.00,,,,
ZcTag087,180757,1.000000,Transmission,Mk10,10-Jun-2019,09:45:00,,,,190.0,24.00,,,,
ZcTag087,180757,1.000000,Transmission,Mk10,10-Jun-2019,09:50:00,,,,74.0,12.00,,,,
ZcTag087,180757,1.000000,Transmission,Mk10,10-Jun-2019,09:55:00,,,,295.0,46.00,,,,
ZcTag087,180757,1.000000,Transmission,Mk10,10-Jun-2019,10:00:00,,,,295.0,46.00,,,,
ZcTag087,180757,1.000000,Transmission,Mk10,10-Jun-2019,10:05:00,,,,295.0,46.00,,,,
ZcTag087,180757,1.000000,Transmission,Mk10,10-Jun-2019,10:10:00,,,,11.0,11.00,,,,
ZcTag087,180757,1.000000,Transmission,Mk10,10-Jun-2019,10:15:00,,,,147.0,23.50,,,,
ZcTag087,180757,1.000000,Transmission,Mk10,10-Jun-2019,10:20:00,,,,295.0,46.00,,,,
ZcTag087,180757,1.000000,Transmission,Mk10,10-Jun-2019,10:25:00,,,,295.0,46.00,,,,
ZcTag087,180757,1.000000,Transmission,Mk10,10-Jun-2019,10:30:00,,,,379.0,47.50,,,,
ZcTag087,180757,1.000000,Transmission,Mk10,10-Jun-2019,10:35:00,,,,379.0,47.50,,,,
ZcTag087,180757,1.000000,Transmission,Mk10,10-Jun-2019,10:40:00,,,,11.0,11.00,,,,
ZcTag087,180757,1.000000,Transmission,Mk10,10-Jun-2019,10:45:00,,,,147.0,23.50,,,,
ZcTag087,180757,1.000000,Transmission,Mk10,10-Jun-2019,10:50:00,,,,295.0,46.00,,,,
ZcTag087,180757,1.000000,Transmission,Mk10,10-Jun-2019,10:55:00,,,,295.0,46.00,,,,
ZcTag087,180757,1.000000,Transmission,Mk10,10-Jun-2019,11:00:00,,,,232.0,24.00,,,,
ZcTag087,180757,1.000000,Transmission,Mk10,10-Jun-2019,11:05:00,,,,52.0,11.50,,,,
ZcTag087,180757,1.000000,Transmission,Mk10,10-Jun-2019,11:10:00,,,,674.0,92.50,,,,
ZcTag087,180757,1.000000,Transmission,Mk10,10-Jun-2019,11:15:00,,,,1011.0,96.50,,,,
ZcTag087,180757,1.000000,Transmission,Mk10,10-Jun-2019,11:20:00,,,,1011.0,96.50,,,,
ZcTag087,180757,1.000000,Transmission,Mk10,10-Jun-2019,11:25:00,,,,1011.0,96.50,,,,
ZcTag087,180757,1.000000,Transmission,Mk10,10-Jun-2019,11:30:00,,,,1011.0,96.50,,,,
ZcTag087,180757,1.000000,Transmission,Mk10,10-Jun-2019,11:35:00,,,,1011.0,96.50,,,,
ZcTag087,180757,1.000000,Transmission,Mk10,10-Jun-2019,11:40:00,,,,843.0,95.00,,,,
ZcTag087,180757,1.000000,Transmission,Mk10,10-Jun-2019,11:45:00,,,,674.0,92.50,,,,
ZcTag087,180757,1.000000,Transmission,Mk10,10-Jun-2019,11:50:00,,,,548.0,49.00,,,,
ZcTag087,180757,1.000000,Transmission,Mk10,10-Jun-2019,11:55:00,,,,379.0,47.50,,,,
ZcTag087,180757,1.000000,Transmission,Mk10,10-Jun-2019,12:00:00,,,,10.0,10.50,,,,
ZcTag087,180757,1.000000,Transmission,Mk10,10-Jun-2019,12:05:00,,,,361.0,46.00,,,,
ZcTag087,180757,1.000000,Transmission,Mk10,10-Jun-2019,12:10:00,,,,361.0,46.00,,,,
ZcTag087,180757,1.000000,Transmission,Mk10,10-Jun-2019,12:15:00,,,,30.0,11.00,,,,
ZcTag087,180757,1.000000,Transmission,Mk10,10-Jun-2019,12:20:00,,,,180.0,23.50,,,,
ZcTag087,180757,1.000000,Transmission,Mk10,10-Jun-2019,12:25:00,,,,280.0,44.50,,,,
ZcTag087,180757,1.000000,Transmission,Mk10,10-Jun-2019,12:30:00,,,,280.0,44.50,,,,
ZcTag087,180757,1.000000,Transmission,Mk10,10-Jun-2019,12:35:00,,,,10.0,10.50,,,,
ZcTag087,180757,1.000000,Transmission,Mk10,10-Jun-2019,12:40:00,,,,180.0,23.50,,,,
ZcTag087,180757,1.000000,Transmission,Mk10,10-Jun-2019,12:45:00,,,,280.0,44.50,,,,
ZcTag087,180757,1.000000,Transmission,Mk10,10-Jun-2019,12:50:00,,,,280.0,44.50,,,,
ZcTag087,180757,1.000000,Transmission,Mk10,10-Jun-2019,12:55:00,,,,140.0,22.50,,,,
ZcTag087,180757,1.000000,Transmission,Mk10,10-Jun-2019,13:00:00,,,,50.0,11.00,,,,
ZcTag087,180757,1.000000,Transmission,Mk10,10-Jun-2019,13:05:00,,,,220.0,23.50,,,,
ZcTag087,180757,1.000000,Transmission,Mk10,10-Jun-2019,13:10:00,,,,280.0,44.50,,,,
ZcTag087,180757,1.000000,Transmission,Mk10,10-Jun-2019,13:15:00,,,,220.0,23.50,,,,
ZcTag087,180757,1.000000,Transmission,Mk10,10-Jun-2019,13:20:00,,,,10.0,10.50,,,,
ZcTag087,180757,1.000000,Transmission,Mk10,10-Jun-2019,13:25:00,,,,220.0,23.50,,,,
ZcTag087,180757,1.000000,Transmission,Mk10,10-Jun-2019,13:30:00,,,,280.0,44.50,,,,
ZcTag087,180757,1.000000,Transmission,Mk10,10-Jun-2019,13:35:00,,,,361.0,46.00,,,,
ZcTag087,180757,1.000000,Transmission,Mk10,10-Jun-2019,13:40:00,,,,180.0,23.50,,,,
ZcTag087,180757,1.000000,Transmission,Mk10,10-Jun-2019,13:45:00,,,,10.0,10.50,,,,
ZcTag087,180757,1.000000,Transmission,Mk10,10-Jun-2019,13:50:00,,,,50.0,11.00,,,,
ZcTag087,180757,1.000000,Transmission,Mk10,10-Jun-2019,13:55:00,,,,641.0,90.00,,,,
ZcTag087,180757,1.000000,Transmission,Mk10,10-Jun-2019,14:00:00,,,,801.0,92.50,,,,
ZcTag087,180757,1.000000,Transmission,Mk10,10-Jun-2019,14:05:00,,,,801.0,92.50,,,,
ZcTag087,180757,1.000000,Transmission,Mk10,10-Jun-2019,14:10:00,,,,961.0,95.00,,,,
ZcTag087,180757,1.000000,Transmission,Mk10,10-Jun-2019,14:15:00,,,,1121.0,97.50,,,,
ZcTag087,180757,1.000000,Transmission,Mk10,10-Jun-2019,14:20:00,,,,1121.0,97.50,,,,
ZcTag087,180757,1.000000,Transmission,Mk10,10-Jun-2019,14:25:00,,,,1121.0,97.50,,,,
ZcTag087,180757,1.000000,Transmission,Mk10,10-Jun-2019,14:30:00,,,,961.0,95.00,,,,
ZcTag087,180757,1.000000,Transmission,Mk10,10-Jun-2019,14:35:00,,,,641.0,90.00,,,,
ZcTag087,180757,1.000000,Transmission,Mk10,10-Jun-2019,14:40:00,,,,641.0,90.00,,,,
ZcTag087,180757,1.000000,Transmission,Mk10,10-Jun-2019,14:45:00,,,,441.0,47.00,,,,
ZcTag087,180757,1.000000,Transmission,Mk10,10-Jun-2019,14:50:00,,,,70.0,11.50,,,,
ZcTag087,180757,1.000000,Transmission,Mk10,10-Jun-2019,14:55:00,,,,180.0,23.50,,,,
ZcTag087,180757,1.000000,Transmission,Mk10,10-Jun-2019,15:00:00,,,,280.0,44.50,,,,
ZcTag087,180757,1.000000,Transmission,Mk10,10-Jun-2019,15:05:00,,,,280.0,44.50,,,,
ZcTag087,180757,1.000000,Transmission,Mk10,10-Jun-2019,15:10:00,,,,220.0,23.50,,,,
ZcTag087,180757,1.000000,Transmission,Mk10,10-Jun-2019,15:15:00,,,,10.0,10.50,,,,
ZcTag087,180757,1.000000,Transmission,Mk10,10-Jun-2019,15:20:00,,,,220.0,23.50,,,,
ZcTag087,180757,1.000000,Transmission,Mk10,10-Jun-2019,15:25:00,,,,280.0,44.50,,,,
ZcTag087,180757,1.000000,Transmission,Mk10,10-Jun-2019,15:30:00,,,,280.0,44.50,,,,
ZcTag087,180757,1.000000,Transmission,Mk10,10-Jun-2019,15:35:00,,,,180.0,23.50,,,,
ZcTag087,180757,1.000000,Transmission,Mk10,10-Jun-2019,15:40:00,,,,10.0,10.50,,,,
ZcTag087,180757,1.000000,Transmission,Mk10,10-Jun-2019,15:45:00,,,,280.0,44.50,,,,
ZcTag087,180757,1.000000,Transmission,Mk10,10-Jun-2019,15:50:00,,,,280.0,44.50,,,,
ZcTag087,180757,1.000000,Transmission,Mk10,10-Jun-2019,15:55:00,,,,280.0,44.50,,,,
ZcTag087,180757,1.000000,Transmission,Mk10,10-Jun-2019,16:00:00,,,,10.0,10.50,,,,
ZcTag087,180757,1.000000,Transmission,Mk10,10-Jun-2019,16:05:00,,,,288.0,45.00,,,,
ZcTag087,180757,1.000000,Transmission,Mk10,10-Jun-2019,16:10:00,,,,823.0,93.00,,,,
ZcTag087,180757,1.000000,Transmission,Mk10,10-Jun-2019,16:15:00,,,,987.0,94.50,,,,
ZcTag087,180757,1.000000,Transmission,Mk10,10-Jun-2019,16:20:00,,,,1152.0,97.00,,,,
ZcTag087,180757,1.000000,Transmission,Mk10,10-Jun-2019,16:25:00,,,,1152.0,97.00,,,,
ZcTag087,180757,1.000000,Transmission,Mk10,10-Jun-2019,16:30:00,,,,1152.0,97.00,,,,
ZcTag087,180757,1.000000,Transmission,Mk10,10-Jun-2019,16:35:00,,,,1152.0,97.00,,,,
ZcTag087,180757,1.000000,Transmission,Mk10,10-Jun-2019,16:40:00,,,,987.0,94.50,,,,
ZcTag087,180757,1.000000,Transmission,Mk10,10-Jun-2019,16:45:00,,,,823.0,93.00,,,,
ZcTag087,180757,1.000000,Transmission,Mk10,10-Jun-2019,16:50:00,,,,535.0,48.00,,,,
ZcTag087,180757,1.000000,Transmission,Mk10,10-Jun-2019,16:55:00,,,,370.0,46.50,,,,
ZcTag087,180757,1.000000,Transmission,Mk10,10-Jun-2019,17:00:00,,,,10.0,10.50,,,,
ZcTag087,180757,1.000000,Transmission,Mk10,10-Jun-2019,17:05:00,,,,226.0,23.50,,,,
ZcTag087,180757,1.000000,Transmission,Mk10,10-Jun-2019,17:10:00,,,,370.0,46.50,,,,
ZcTag087,180757,1.000000,Transmission,Mk10,10-Jun-2019,17:15:00,,,,370.0,46.50,,,,
ZcTag087,180757,1.000000,Transmission,Mk10,10-Jun-2019,17:20:00,,,,288.0,45.00,,,,
ZcTag087,180757,1.000000,Transmission,Mk10,10-Jun-2019,17:25:00,,,,10.0,10.50,,,,
ZcTag087,180757,1.000000,Transmission,Mk10,10-Jun-2019,17:30:00,,,,226.0,23.50,,,,
ZcTag087,180757,1.000000,Transmission,Mk10,10-Jun-2019,17:35:00,,,,288.0,45.00,,,,
ZcTag087,180757,1.000000,Transmission,Mk10,10-Jun-2019,17:40:00,,,,370.0,46.50,,,,
ZcTag087,180757,1.000000,Transmission,Mk10,10-Jun-2019,17:45:00,,,,288.0,45.00,,,,
ZcTag087,180757,1.000000,Transmission,Mk10,10-Jun-2019,17:50:00,,,,10.0,10.50,,,,
ZcTag087,180757,1.000000,Transmission,Mk10,10-Jun-2019,17:55:00,,,,226.0,23.50,,,,
ZcTag087,180757,1.000000,Transmission,Mk10,10-Jun-2019,18:00:00,,,,226.0,23.50,,,,
ZcTag087,180757,1.000000,Transmission,Mk10,10-Jun-2019,18:05:00,,,,10.0,10.50,,,,
ZcTag087,180757,1.000000,Transmission,Mk10,10-Jun-2019,18:10:00,,,,288.0,45.00,,,,
ZcTag087,180757,1.000000,Transmission,Mk10,10-Jun-2019,18:15:00,,,,823.0,93.00,,,,
ZcTag087,180757,1.000000,Transmission,Mk10,10-Jun-2019,18:20:00,,,,987.0,94.50,,,,
ZcTag087,180757,1.000000,Transmission,Mk10,10-Jun-2019,18:25:00,,,,987.0,94.50,,,,
ZcTag087,180757,1.000000,Transmission,Mk10,10-Jun-2019,18:30:00,,,,987.0,94.50,,,,
ZcTag087,180757,1.000000,Transmission,Mk10,10-Jun-2019,18:35:00,,,,1152.0,97.00,,,,
ZcTag087,180757,1.000000,Transmission,Mk10,10-Jun-2019,18:40:00,,,,987.0,94.50,,,,
ZcTag087,180757,1.000000,Transmission,Mk10,10-Jun-2019,18:45:00,,,,823.0,93.00,,,,
ZcTag087,180757,1.000000,Transmission,Mk10,10-Jun-2019,18:50:00,,,,658.0,90.50,,,,
ZcTag087,180757,1.000000,Transmission,Mk10,10-Jun-2019,18:55:00,,,,453.0,47.00,,,,
ZcTag087,180757,1.000000,Transmission,Mk10,10-Jun-2019,19:00:00,,,,10.0,10.50,,,,
ZcTag087,180757,1.000000,Transmission,Mk10,10-Jun-2019,19:05:00,,,,31.0,11.00,,,,
ZcTag087,180757,1.000000,Transmission,Mk10,10-Jun-2019,19:10:00,,,,10.0,10.50,,,,
ZcTag087,180757,1.000000,Transmission,Mk10,10-Jun-2019,19:15:00,,,,103.0,22.00,,,,
ZcTag087,180757,1.000000,Transmission,Mk10,10-Jun-2019,19:20:00,,,,453.0,47.00,,,,
ZcTag087,180757,1.000000,Transmission,Mk10,10-Jun-2019,19:25:00,,,,370.0,46.50,,,,
ZcTag087,180757,1.000000,Transmission,Mk10,10-Jun-2019,19:30:00,,,,103.0,22.00,,,,
ZcTag087,180757,1.000000,Transmission,Mk10,10-Jun-2019,19:35:00,,,,10.0,10.50,,,,
ZcTag087,180757,1.000000,Transmission,Mk10,10-Jun-2019,19:40:00,,,,288.0,45.00,,,,
ZcTag087,180757,1.000000,Transmission,Mk10,10-Jun-2019,19:45:00,,,,823.0,93.00,,,,
ZcTag087,180757,1.000000,Transmission,Mk10,10-Jun-2019,19:50:00,,,,987.0,94.50,,,,
ZcTag087,180757,1.000000,Transmission,Mk10,10-Jun-2019,19:55:00,,,,1152.0,97.00,,,,
ZcTag087,180757,1.000000,Transmission,Mk10,10-Jun-2019,20:00:00,,,,1062.0,90.50,,,,
ZcTag087,180757,1.000000,Transmission,Mk10,10-Jun-2019,20:05:00,,,,910.0,88.50,,,,
ZcTag087,180757,1.000000,Transmission,Mk10,10-Jun-2019,20:10:00,,,,759.0,86.00,,,,
ZcTag087,180757,1.000000,Transmission,Mk10,10-Jun-2019,20:15:00,,,,607.0,84.50,,,,
ZcTag087,180757,1.000000,Transmission,Mk10,10-Jun-2019,20:20:00,,,,417.0,43.50,,,,
ZcTag087,180757,1.000000,Transmission,Mk10,10-Jun-2019,20:25:00,,,,95.0,21.00,,,,
ZcTag087,180757,1.000000,Transmission,Mk10,10-Jun-2019,20:30:00,,,,171.0,22.00,,,,
ZcTag087,180757,1.000000,Transmission,Mk10,10-Jun-2019,20:35:00,,,,342.0,43.00,,,,
ZcTag087,180757,1.000000,Transmission,Mk10,10-Jun-2019,20:40:00,,,,342.0,43.00,,,,
ZcTag087,180757,1.000000,Transmission,Mk10,10-Jun-2019,20:45:00,,,,266.0,42.00,,,,
ZcTag087,180757,1.000000,Transmission,Mk10,10-Jun-2019,20:50:00,,,,10.0,10.00,,,,
ZcTag087,180757,1.000000,Transmission,Mk10,10-Jun-2019,20:55:00,,,,266.0,42.00,,,,
ZcTag087,180757,1.000000,Transmission,Mk10,10-Jun-2019,21:00:00,,,,342.0,43.00,,,,
ZcTag087,180757,1.000000,Transmission,Mk10,10-Jun-2019,21:05:00,,,,342.0,43.00,,,,
ZcTag087,180757,1.000000,Transmission,Mk10,10-Jun-2019,21:10:00,,,,266.0,42.00,,,,
ZcTag087,180757,1.000000,Transmission,Mk10,10-Jun-2019,21:15:00,,,,10.0,10.00,,,,
ZcTag087,180757,1.000000,Transmission,Mk10,10-Jun-2019,21:20:00,,,,133.0,21.00,,,,
ZcTag087,180757,1.000000,Transmission,Mk10,10-Jun-2019,21:25:00,,,,266.0,42.00,,,,
ZcTag087,180757,1.000000,Transmission,Mk10,10-Jun-2019,21:30:00,,,,266.0,42.00,,,,
ZcTag087,180757,1.000000,Transmission,Mk10,10-Jun-2019,21:35:00,,,,266.0,42.00,,,,
ZcTag087,180757,1.000000,Transmission,Mk10,10-Jun-2019,21:40:00,,,,10.0,10.00,,,,
ZcTag087,180757,1.000000,Transmission,Mk10,10-Jun-2019,21:45:00,,,,209.0,22.00,,,,
ZcTag087,180757,1.000000,Transmission,Mk10,10-Jun-2019,21:50:00,,,,759.0,86.00,,,,
ZcTag087,180757,1.000000,Transmission,Mk10,10-Jun-2019,21:55:00,,,,910.0,88.50,,,,
ZcTag087,180757,1.000000,Transmission,Mk10,10-Jun-2019,22:00:00,,,,910.0,88.50,,,,
ZcTag087,180757,1.000000,Transmission,Mk10,10-Jun-2019,22:05:00,,,,1062.0,90.50,,,,
ZcTag087,180757,1.000000,Transmission,Mk10,10-Jun-2019,22:10:00,,,,1062.0,90.50,,,,
ZcTag087,180757,1.000000,Transmission,Mk10,10-Jun-2019,22:15:00,,,,1062.0,90.50,,,,
ZcTag087,180757,1.000000,Transmission,Mk10,10-Jun-2019,22:20:00,,,,910.0,88.50,,,,
ZcTag087,180757,1.000000,Transmission,Mk10,10-Jun-2019,22:25:00,,,,910.0,88.50,,,,
ZcTag087,180757,1.000000,Transmission,Mk10,10-Jun-2019,22:30:00,,,,759.0,86.00,,,,
ZcTag087,180757,1.000000,Transmission,Mk10,10-Jun-2019,22:35:00,,,,493.0,45.00,,,,
ZcTag087,180757,1.000000,Transmission,Mk10,10-Jun-2019,22:40:00,,,,66.0,10.50,,,,
ZcTag087,180757,1.000000,Transmission,Mk10,10-Jun-2019,22:45:00,,,,171.0,22.00,,,,
ZcTag087,180757,1.000000,Transmission,Mk10,10-Jun-2019,22:50:00,,,,266.0,42.00,,,,
ZcTag087,180757,1.000000,Transmission,Mk10,10-Jun-2019,22:55:00,,,,209.0,22.00,,,,
ZcTag087,180757,1.000000,Transmission,Mk10,10-Jun-2019,23:00:00,,,,10.0,10.00,,,,
ZcTag087,180757,1.000000,Transmission,Mk10,10-Jun-2019,23:05:00,,,,266.0,42.00,,,,
ZcTag087,180757,1.000000,Transmission,Mk10,10-Jun-2019,23:10:00,,,,342.0,43.00,,,,
ZcTag087,180757,1.000000,Transmission,Mk10,10-Jun-2019,23:15:00,,,,266.0,42.00,,,,
ZcTag087,180757,1.000000,Transmission,Mk10,10-Jun-2019,23:20:00,,,,28.0,10.50,,,,
ZcTag087,180757,1.000000,Transmission,Mk10,10-Jun-2019,23:25:00,,,,133.0,21.00,,,,
ZcTag087,180757,1.000000,Transmission,Mk10,10-Jun-2019,23:30:00,,,,209.0,22.00,,,,
ZcTag087,180757,1.000000,Transmission,Mk10,10-Jun-2019,23:35:00,,,,266.0,42.00,,,,
ZcTag087,180757,1.000000,Transmission,Mk10,10-Jun-2019,23:40:00,,,,171.0,22.00,,,,
ZcTag087,180757,1.000000,Transmission,Mk10,10-Jun-2019,23:45:00,,,,10.0,10.00,,,,
ZcTag087,180757,1.000000,Transmission,Mk10,10-Jun-2019,23:50:00,,,,171.0,22.00,,,,
ZcTag087,180757,1.000000,Transmission,Mk10,10-Jun-2019,23:55:00,,,,209.0,22.00,,,,
ZcTag087,180757,1.000000,Transmission,Mk10,11-Jun-2019,04:00:00,,,,258.0,41.50,,,,
ZcTag087,180757,1.000000,Transmission,Mk10,11-Jun-2019,04:05:00,,,,203.0,22.00,,,,
ZcTag087,180757,1.000000,Transmission,Mk10,11-Jun-2019,04:10:00,,,,46.0,10.50,,,,
ZcTag087,180757,1.000000,Transmission,Mk10,11-Jun-2019,04:15:00,,,,46.0,10.50,,,,
ZcTag087,180757,1.000000,Transmission,Mk10,11-Jun-2019,04:20:00,,,,258.0,41.50,,,,
ZcTag087,180757,1.000000,Transmission,Mk10,11-Jun-2019,04:25:00,,,,479.0,45.00,,,,
ZcTag087,180757,1.000000,Transmission,Mk10,11-Jun-2019,04:30:00,,,,479.0,45.00,,,,
ZcTag087,180757,1.000000,Transmission,Mk10,11-Jun-2019,04:35:00,,,,203.0,22.00,,,,
ZcTag087,180757,1.000000,Transmission,Mk10,11-Jun-2019,04:40:00,,,,9.0,9.50,,,,
ZcTag087,180757,1.000000,Transmission,Mk10,11-Jun-2019,04:45:00,,,,258.0,41.50,,,,
ZcTag087,180757,1.000000,Transmission,Mk10,11-Jun-2019,04:50:00,,,,332.0,43.00,,,,
ZcTag087,180757,1.000000,Transmission,Mk10,11-Jun-2019,04:55:00,,,,332.0,43.00,,,,
ZcTag087,180757,1.000000,Transmission,Mk10,11-Jun-2019,05:00:00,,,,129.0,21.00,,,,
ZcTag087,180757,1.000000,Transmission,Mk10,11-Jun-2019,05:05:00,,,,92.0,20.50,,,,
ZcTag087,180757,1.000000,Transmission,Mk10,11-Jun-2019,05:10:00,,,,332.0,43.00,,,,
ZcTag087,180757,1.000000,Transmission,Mk10,11-Jun-2019,05:15:00,,,,332.0,43.00,,,,
ZcTag087,180757,1.000000,Transmission,Mk10,11-Jun-2019,05:20:00,,,,129.0,21.00,,,,
ZcTag087,180757,1.000000,Transmission,Mk10,11-Jun-2019,05:25:00,,,,9.0,9.50,,,,
ZcTag087,180757,1.000000,Transmission,Mk10,11-Jun-2019,05:30:00,,,,332.0,43.00,,,,
ZcTag087,180757,1.000000,Transmission,Mk10,11-Jun-2019,05:35:00,,,,737.0,86.00,,,,
ZcTag087,180757,1.000000,Transmission,Mk10,11-Jun-2019,05:40:00,,,,884.0,88.50,,,,
ZcTag087,180757,1.000000,Transmission,Mk10,11-Jun-2019,05:45:00,,,,884.0,88.50,,,,
ZcTag087,180757,1.000000,Transmission,Mk10,11-Jun-2019,05:50:00,,,,884.0,88.50,,,,
ZcTag087,180757,1.000000,Transmission,Mk10,11-Jun-2019,05:55:00,,,,1032.0,91.00,,,,
ZcTag087,180757,1.000000,Transmission,Mk10,11-Jun-2019,06:00:00,,,,884.0,88.50,,,,
ZcTag087,180757,1.000000,Transmission,Mk10,11-Jun-2019,06:05:00,,,,737.0,86.00,,,,
ZcTag087,180757,1.000000,Transmission,Mk10,11-Jun-2019,06:10:00,,,,590.0,84.00,,,,
ZcTag087,180757,1.000000,Transmission,Mk10,11-Jun-2019,06:15:00,,,,332.0,43.00,,,,
ZcTag087,180757,1.000000,Transmission,Mk10,11-Jun-2019,06:20:00,,,,9.0,9.50,,,,
ZcTag087,180757,1.000000,Transmission,Mk10,11-Jun-2019,06:25:00,,,,129.0,21.00,,,,
ZcTag087,180757,1.000000,Transmission,Mk10,11-Jun-2019,06:30:00,,,,258.0,41.50,,,,
ZcTag087,180757,1.000000,Transmission,Mk10,11-Jun-2019,06:35:00,,,,258.0,41.50,,,,
ZcTag087,180757,1.000000,Transmission,Mk10,11-Jun-2019,06:40:00,,,,46.0,10.50,,,,
ZcTag087,180757,1.000000,Transmission,Mk10,11-Jun-2019,06:45:00,,,,9.0,9.50,,,,
ZcTag087,180757,1.000000,Transmission,Mk10,11-Jun-2019,06:50:00,,,,258.0,41.50,,,,
ZcTag087,180757,1.000000,Transmission,Mk10,11-Jun-2019,06:55:00,,,,258.0,41.50,,,,
ZcTag087,180757,1.000000,Transmission,Mk10,11-Jun-2019,07:00:00,,,,258.0,41.50,,,,
ZcTag087,180757,1.000000,Transmission,Mk10,11-Jun-2019,07:05:00,,,,9.0,9.50,,,,
ZcTag087,180757,1.000000,Transmission,Mk10,11-Jun-2019,07:10:00,,,,129.0,21.00,,,,
ZcTag087,180757,1.000000,Transmission,Mk10,11-Jun-2019,07:15:00,,,,166.0,22.00,,,,
ZcTag087,180757,1.000000,Transmission,Mk10,11-Jun-2019,07:20:00,,,,9.0,9.50,,,,
ZcTag087,180757,1.000000,Transmission,Mk10,11-Jun-2019,07:25:00,,,,9.0,9.50,,,,
ZcTag087,180757,1.000000,Transmission,Mk10,11-Jun-2019,07:30:00,,,,332.0,43.00,,,,
ZcTag087,180757,1.000000,Transmission,Mk10,11-Jun-2019,07:35:00,,,,884.0,88.50,,,,
ZcTag087,180757,1.000000,Transmission,Mk10,11-Jun-2019,07:40:00,,,,1032.0,91.00,,,,
ZcTag087,180757,1.000000,Transmission,Mk10,11-Jun-2019,07:45:00,,,,1032.0,91.00,,,,
ZcTag087,180757,1.000000,Transmission,Mk10,11-Jun-2019,07:50:00,,,,1032.0,91.00,,,,
ZcTag087,180757,1.000000,Transmission,Mk10,11-Jun-2019,07:55:00,,,,1032.0,91.00,,,,
ZcTag087,180757,1.000000,Transmission,Mk10,11-Jun-2019,08:00:00,,,,907.0,101.00,,,,
ZcTag087,180757,1.000000,Transmission,Mk10,11-Jun-2019,08:05:00,,,,589.0,52.50,,,,
ZcTag087,180757,1.000000,Transmission,Mk10,11-Jun-2019,08:10:00,,,,113.0,24.50,,,,
ZcTag087,180757,1.000000,Transmission,Mk10,11-Jun-2019,08:15:00,,,,11.0,11.50,,,,
ZcTag087,180757,1.000000,Transmission,Mk10,11-Jun-2019,08:20:00,,,,408.0,50.50,,,,
ZcTag087,180757,1.000000,Transmission,Mk10,11-Jun-2019,08:25:00,,,,907.0,101.00,,,,
ZcTag087,180757,1.000000,Transmission,Mk10,11-Jun-2019,08:30:00,,,,907.0,101.00,,,,
ZcTag087,180757,1.000000,Transmission,Mk10,11-Jun-2019,08:35:00,,,,907.0,101.00,,,,
ZcTag087,180757,1.000000,Transmission,Mk10,11-Jun-2019,08:40:00,,,,726.0,99.00,,,,
ZcTag087,180757,1.000000,Transmission,Mk10,11-Jun-2019,08:45:00,,,,589.0,52.50,,,,
ZcTag087,180757,1.000000,Transmission,Mk10,11-Jun-2019,08:50:00,,,,408.0,50.50,,,,
ZcTag087,180757,1.000000,Transmission,Mk10,11-Jun-2019,08:55:00,,,,79.0,12.50,,,,
ZcTag087,180757,1.000000,Transmission,Mk10,11-Jun-2019,09:00:00,,,,56.0,12.50,,,,
ZcTag087,180757,1.000000,Transmission,Mk10,11-Jun-2019,09:05:00,,,,204.0,25.50,,,,
ZcTag087,180757,1.000000,Transmission,Mk10,11-Jun-2019,09:10:00,,,,249.0,25.50,,,,
ZcTag087,180757,1.000000,Transmission,Mk10,11-Jun-2019,09:15:00,,,,159.0,25.00,,,,
ZcTag087,180757,1.000000,Transmission,Mk10,11-Jun-2019,09:20:00,,,,11.0,11.50,,,,
ZcTag087,180757,1.000000,Transmission,Mk10,11-Jun-2019,09:25:00,,,,159.0,25.00,,,,
ZcTag087,180757,1.000000,Transmission,Mk10,11-Jun-2019,09:30:00,,,,317.0,49.50,,,,
ZcTag087,180757,1.000000,Transmission,Mk10,11-Jun-2019,09:35:00,,,,317.0,49.50,,,,
ZcTag087,180757,1.000000,Transmission,Mk10,11-Jun-2019,09:40:00,,,,317.0,49.50,,,,
ZcTag087,180757,1.000000,Transmission,Mk10,11-Jun-2019,09:45:00,,,,56.0,12.50,,,,
ZcTag087,180757,1.000000,Transmission,Mk10,11-Jun-2019,09:50:00,,,,79.0,12.50,,,,
ZcTag087,180757,1.000000,Transmission,Mk10,11-Jun-2019,09:55:00,,,,204.0,25.50,,,,
ZcTag087,180757,1.000000,Transmission,Mk10,11-Jun-2019,10:00:00,,,,317.0,49.50,,,,
ZcTag087,180757,1.000000,Transmission,Mk10,11-Jun-2019,10:05:00,,,,249.0,25.50,,,,
ZcTag087,180757,1.000000,Transmission,Mk10,11-Jun-2019,10:10:00,,,,113.0,24.50,,,,
ZcTag087,180757,1.000000,Transmission,Mk10,11-Jun-2019,10:15:00,,,,11.0,11.50,,,,
ZcTag087,180757,1.000000,Transmission,Mk10,11-Jun-2019,10:20:00,,,,204.0,25.50,,,,
ZcTag087,180757,1.000000,Transmission,Mk10,11-Jun-2019,10:25:00,,,,317.0,49.50,,,,
ZcTag087,180757,1.000000,Transmission,Mk10,11-Jun-2019,10:30:00,,,,317.0,49.50,,,,
ZcTag087,180757,1.000000,Transmission,Mk10,11-Jun-2019,10:35:00,,,,159.0,25.00,,,,
ZcTag087,180757,1.000000,Transmission,Mk10,11-Jun-2019,10:40:00,,,,11.0,11.50,,,,
ZcTag087,180757,1.000000,Transmission,Mk10,11-Jun-2019,10:45:00,,,,204.0,25.50,,,,
ZcTag087,180757,1.000000,Transmission,Mk10,11-Jun-2019,10:50:00,,,,726.0,99.00,,,,
ZcTag087,180757,1.000000,Transmission,Mk10,11-Jun-2019,10:55:00,,,,1270.0,106.50,,,,
ZcTag087,180757,1.000000,Transmission,Mk10,11-Jun-2019,11:00:00,,,,1270.0,106.50,,,,
ZcTag087,180757,1.000000,Transmission,Mk10,11-Jun-2019,11:05:00,,,,1270.0,106.50,,,,
ZcTag087,180757,1.000000,Transmission,Mk10,11-Jun-2019,11:10:00,,,,1270.0,106.50,,,,
ZcTag087,180757,1.000000,Transmission,Mk10,11-Jun-2019,11:15:00,,,,1270.0,106.50,,,,
ZcTag087,180757,1.000000,Transmission,Mk10,11-Jun-2019,11:20:00,,,,1088.0,103.00,,,,
ZcTag087,180757,1.000000,Transmission,Mk10,11-Jun-2019,11:25:00,,,,1088.0,103.00,,,,
ZcTag087,180757,1.000000,Transmission,Mk10,11-Jun-2019,11:30:00,,,,1088.0,103.00,,,,
ZcTag087,180757,1.000000,Transmission,Mk10,11-Jun-2019,11:35:00,,,,1088.0,103.00,,,,
ZcTag087,180757,1.000000,Transmission,Mk10,11-Jun-2019,11:40:00,,,,1088.0,103.00,,,,
ZcTag087,180757,1.000000,Transmission,Mk10,11-Jun-2019,11:45:00,,,,1088.0,103.00,,,,
ZcTag087,180757,1.000000,Transmission,Mk10,11-Jun-2019,11:50:00,,,,726.0,99.00,,,,
ZcTag087,180757,1.000000,Transmission,Mk10,11-Jun-2019,11:55:00,,,,726.0,99.00,,,,
ZcTag087,180757,1.000000,Transmission,Mk10,11-Jun-2019,12:00:00,,,,511.0,53.50,,,,
ZcTag087,180757,1.000000,Transmission,Mk10,11-Jun-2019,12:05:00,,,,12.0,12.00,,,,
ZcTag087,180757,1.000000,Transmission,Mk10,11-Jun-2019,12:10:00,,,,209.0,26.50,,,,
ZcTag087,180757,1.000000,Transmission,Mk10,11-Jun-2019,12:15:00,,,,418.0,52.50,,,,
ZcTag087,180757,1.000000,Transmission,Mk10,11-Jun-2019,12:20:00,,,,511.0,53.50,,,,
ZcTag087,180757,1.000000,Transmission,Mk10,11-Jun-2019,12:25:00,,,,116.0,25.50,,,,
ZcTag087,180757,1.000000,Transmission,Mk10,11-Jun-2019,12:30:00,,,,12.0,12.00,,,,
ZcTag087,180757,1.000000,Transmission,Mk10,11-Jun-2019,12:35:00,,,,325.0,51.50,,,,
ZcTag087,180757,1.000000,Transmission,Mk10,11-Jun-2019,12:40:00,,,,511.0,53.50,,,,
ZcTag087,180757,1.000000,Transmission,Mk10,11-Jun-2019,12:45:00,,,,418.0,52.50,,,,
ZcTag087,180757,1.000000,Transmission,Mk10,11-Jun-2019,12:50:00,,,,256.0,27.00,,,,
ZcTag087,180757,1.000000,Transmission,Mk10,11-Jun-2019,12:55:00,,,,12.0,12.00,,,,
ZcTag087,180757,1.000000,Transmission,Mk10,11-Jun-2019,13:00:00,,,,163.0,26.00,,,,
ZcTag087,180757,1.000000,Transmission,Mk10,11-Jun-2019,13:05:00,,,,256.0,27.00,,,,
ZcTag087,180757,1.000000,Transmission,Mk10,11-Jun-2019,13:10:00,,,,325.0,51.50,,,,
ZcTag087,180757,1.000000,Transmission,Mk10,11-Jun-2019,13:15:00,,,,325.0,51.50,,,,
ZcTag087,180757,1.000000,Transmission,Mk10,11-Jun-2019,13:20:00,,,,116.0,25.50,,,,
ZcTag087,180757,1.000000,Transmission,Mk10,11-Jun-2019,13:25:00,,,,12.0,12.00,,,,
ZcTag087,180757,1.000000,Transmission,Mk10,11-Jun-2019,13:30:00,,,,209.0,26.50,,,,
ZcTag087,180757,1.000000,Transmission,Mk10,11-Jun-2019,13:35:00,,,,256.0,27.00,,,,
ZcTag087,180757,1.000000,Transmission,Mk10,11-Jun-2019,13:40:00,,,,256.0,27.00,,,,
ZcTag087,180757,1.000000,Transmission,Mk10,11-Jun-2019,13:45:00,,,,58.0,13.00,,,,
ZcTag087,180757,1.000000,Transmission,Mk10,11-Jun-2019,13:50:00,,,,116.0,25.50,,,,
ZcTag087,180757,1.000000,Transmission,Mk10,11-Jun-2019,13:55:00,,,,209.0,26.50,,,,
ZcTag087,180757,1.000000,Transmission,Mk10,11-Jun-2019,14:00:00,,,,256.0,27.00,,,,
ZcTag087,180757,1.000000,Transmission,Mk10,11-Jun-2019,14:05:00,,,,209.0,26.50,,,,
ZcTag087,180757,1.000000,Transmission,Mk10,11-Jun-2019,14:10:00,,,,12.0,12.00,,,,
ZcTag087,180757,1.000000,Transmission,Mk10,11-Jun-2019,14:15:00,,,,163.0,26.00,,,,
ZcTag087,180757,1.000000,Transmission,Mk10,11-Jun-2019,14:20:00,,,,12.0,12.00,,,,
ZcTag087,180757,1.000000,Transmission,Mk10,11-Jun-2019,14:25:00,,,,163.0,26.00,,,,
ZcTag087,180757,1.000000,Transmission,Mk10,11-Jun-2019,14:30:00,,,,744.0,103.00,,,,
ZcTag087,180757,1.000000,Transmission,Mk10,11-Jun-2019,14:35:00,,,,1115.0,108.00,,,,
ZcTag087,180757,1.000000,Transmission,Mk10,11-Jun-2019,14:40:00,,,,1115.0,108.00,,,,
ZcTag087,180757,1.000000,Transmission,Mk10,11-Jun-2019,14:45:00,,,,1115.0,108.00,,,,
ZcTag087,180757,1.000000,Transmission,Mk10,11-Jun-2019,14:50:00,,,,1300.0,110.50,,,,
ZcTag087,180757,1.000000,Transmission,Mk10,11-Jun-2019,14:55:00,,,,1300.0,110.50,,,,
ZcTag087,180757,1.000000,Transmission,Mk10,11-Jun-2019,15:00:00,,,,1300.0,110.50,,,,
ZcTag087,180757,1.000000,Transmission,Mk10,11-Jun-2019,15:05:00,,,,1115.0,108.00,,,,
ZcTag087,180757,1.000000,Transmission,Mk10,11-Jun-2019,15:10:00,,,,929.0,105.50,,,,
ZcTag087,180757,1.000000,Transmission,Mk10,11-Jun-2019,15:15:00,,,,929.0,105.50,,,,
ZcTag087,180757,1.000000,Transmission,Mk10,11-Jun-2019,15:20:00,,,,744.0,103.00,,,,
ZcTag087,180757,1.000000,Transmission,Mk10,11-Jun-2019,15:25:00,,,,418.0,52.50,,,,
ZcTag087,180757,1.000000,Transmission,Mk10,11-Jun-2019,15:30:00,,,,12.0,12.00,,,,
ZcTag087,180757,1.000000,Transmission,Mk10,11-Jun-2019,15:35:00,,,,209.0,26.50,,,,
ZcTag087,180757,1.000000,Transmission,Mk10,11-Jun-2019,15:40:00,,,,325.0,51.50,,,,
ZcTag087,180757,1.000000,Transmission,Mk10,11-Jun-2019,15:45:00,,,,58.0,13.00,,,,
ZcTag087,180757,1.000000,Transmission,Mk10,11-Jun-2019,15:50:00,,,,12.0,12.00,,,,
ZcTag087,180757,1.000000,Transmission,Mk10,11-Jun-2019,15:55:00,,,,12.0,12.00,,,,
ZcTag087,180757,1.000000,Transmission,Mk10,11-Jun-2019,16:00:00,,,,340.0,52.50,,,,
ZcTag087,180757,1.000000,Transmission,Mk10,11-Jun-2019,16:05:00,,,,340.0,52.50,,,,
ZcTag087,180757,1.000000,Transmission,Mk10,11-Jun-2019,16:10:00,,,,340.0,52.50,,,,
ZcTag087,180757,1.000000,Transmission,Mk10,11-Jun-2019,16:15:00,,,,12.0,12.50,,,,
ZcTag087,180757,1.000000,Transmission,Mk10,11-Jun-2019,16:20:00,,,,219.0,27.00,,,,
ZcTag087,180757,1.000000,Transmission,Mk10,11-Jun-2019,16:25:00,,,,219.0,27.00,,,,
ZcTag087,180757,1.000000,Transmission,Mk10,11-Jun-2019,16:30:00,,,,219.0,27.00,,,,
ZcTag087,180757,1.000000,Transmission,Mk10,11-Jun-2019,16:35:00,,,,12.0,12.50,,,,
ZcTag087,180757,1.000000,Transmission,Mk10,11-Jun-2019,16:40:00,,,,12.0,12.50,,,,
ZcTag087,180757,1.000000,Transmission,Mk10,11-Jun-2019,16:45:00,,,,534.0,54.50,,,,
ZcTag087,180757,1.000000,Transmission,Mk10,11-Jun-2019,16:50:00,,,,971.0,107.50,,,,
ZcTag087,180757,1.000000,Transmission,Mk10,11-Jun-2019,16:55:00,,,,1360.0,112.50,,,,
ZcTag087,180757,1.000000,Transmission,Mk10,11-Jun-2019,17:00:00,,,,1360.0,112.50,,,,
ZcTag087,180757,1.000000,Transmission,Mk10,11-Jun-2019,17:05:00,,,,1165.0,109.50,,,,
ZcTag087,180757,1.000000,Transmission,Mk10,11-Jun-2019,17:10:00,,,,777.0,105.50,,,,
ZcTag087,180757,1.000000,Transmission,Mk10,11-Jun-2019,17:15:00,,,,534.0,54.50,,,,
ZcTag087,180757,1.000000,Transmission,Mk10,11-Jun-2019,17:20:00,,,,170.0,26.50,,,,
ZcTag087,180757,1.000000,Transmission,Mk10,11-Jun-2019,17:25:00,,,,12.0,12.50,,,,
ZcTag087,180757,1.000000,Transmission,Mk10,11-Jun-2019,17:30:00,,,,219.0,27.00,,,,
ZcTag087,180757,1.000000,Transmission,Mk10,11-Jun-2019,17:35:00,,,,340.0,52.50,,,,
ZcTag087,180757,1.000000,Transmission,Mk10,11-Jun-2019,17:40:00,,,,340.0,52.50,,,,
ZcTag087,180757,1.000000,Transmission,Mk10,11-Jun-2019,17:45:00,,,,170.0,26.50,,,,
ZcTag087,180757,1.000000,Transmission,Mk10,11-Jun-2019,17:50:00,,,,12.0,12.50,,,,
ZcTag087,180757,1.000000,Transmission,Mk10,11-Jun-2019,17:55:00,,,,340.0,52.50,,,,
ZcTag087,180757,1.000000,Transmission,Mk10,11-Jun-2019,18:00:00,,,,971.0,107.50,,,,
ZcTag087,180757,1.000000,Transmission,Mk10,11-Jun-2019,18:05:00,,,,1360.0,112.50,,,,
ZcTag087,180757,1.000000,Transmission,Mk10,11-Jun-2019,18:10:00,,,,1360.0,112.50,,,,
ZcTag087,180757,1.000000,Transmission,Mk10,11-Jun-2019,18:15:00,,,,1360.0,112.50,,,,
ZcTag087,180757,1.000000,Transmission,Mk10,11-Jun-2019,18:20:00,,,,971.0,107.50,,,,
ZcTag087,180757,1.000000,Transmission,Mk10,11-Jun-2019,18:25:00,,,,777.0,105.50,,,,
ZcTag087,180757,1.000000,Transmission,Mk10,11-Jun-2019,18:30:00,,,,437.0,53.50,,,,
ZcTag087,180757,1.000000,Transmission,Mk10,11-Jun-2019,18:35:00,,,,12.0,12.50,,,,
ZcTag087,180757,1.000000,Transmission,Mk10,11-Jun-2019,18:40:00,,,,219.0,27.00,,,,
ZcTag087,180757,1.000000,Transmission,Mk10,11-Jun-2019,18:45:00,,,,340.0,52.50,,,,
ZcTag087,180757,1.000000,Transmission,Mk10,11-Jun-2019,18:50:00,,,,340.0,52.50,,,,
ZcTag087,180757,1.000000,Transmission,Mk10,11-Jun-2019,18:55:00,,,,340.0,52.50,,,,
ZcTag087,180757,1.000000,Transmission,Mk10,11-Jun-2019,19:00:00,,,,267.0,27.50,,,,
ZcTag087,180757,1.000000,Transmission,Mk10,11-Jun-2019,19:05:00,,,,12.0,12.50,,,,
ZcTag087,180757,1.000000,Transmission,Mk10,11-Jun-2019,19:10:00,,,,267.0,27.50,,,,
ZcTag087,180757,1.000000,Transmission,Mk10,11-Jun-2019,19:15:00,,,,267.0,27.50,,,,
ZcTag087,180757,1.000000,Transmission,Mk10,11-Jun-2019,19:20:00,,,,61.0,13.00,,,,
ZcTag087,180757,1.000000,Transmission,Mk10,11-Jun-2019,19:25:00,,,,61.0,13.00,,,,
ZcTag087,180757,1.000000,Transmission,Mk10,11-Jun-2019,19:30:00,,,,631.0,55.50,,,,
ZcTag087,180757,1.000000,Transmission,Mk10,11-Jun-2019,19:35:00,,,,1165.0,109.50,,,,
ZcTag087,180757,1.000000,Transmission,Mk10,11-Jun-2019,19:40:00,,,,1165.0,109.50,,,,
ZcTag087,180757,1.000000,Transmission,Mk10,11-Jun-2019,19:45:00,,,,1165.0,109.50,,,,
ZcTag087,180757,1.000000,Transmission,Mk10,11-Jun-2019,19:50:00,,,,1165.0,109.50,,,,
ZcTag087,180757,1.000000,Transmission,Mk10,11-Jun-2019,19:55:00,,,,971.0,107.50,,,,
ZcTag087,180757,1.000000,Transmission,Mk10,11-Jun-2019,20:00:00,,,,777.0,105.50,,,,
ZcTag087,180757,1.000000,Transmission,Mk10,11-Jun-2019,20:05:00,,,,534.0,54.50,,,,
ZcTag087,180757,1.000000,Transmission,Mk10,11-Jun-2019,20:10:00,,,,85.0,13.50,,,,
ZcTag087,180757,1.000000,Transmission,Mk10,11-Jun-2019,20:15:00,,,,170.0,26.50,,,,
ZcTag087,180757,1.000000,Transmission,Mk10,11-Jun-2019,20:20:00,,,,340.0,52.50,,,,
ZcTag087,180757,1.000000,Transmission,Mk10,11-Jun-2019,20:25:00,,,,340.0,52.50,,,,
ZcTag087,180757,1.000000,Transmission,Mk10,11-Jun-2019,20:30:00,,,,37.0,13.00,,,,
ZcTag087,180757,1.000000,Transmission,Mk10,11-Jun-2019,20:35:00,,,,12.0,12.50,,,,
ZcTag087,180757,1.000000,Transmission,Mk10,11-Jun-2019,20:40:00,,,,219.0,27.00,,,,
ZcTag087,180757,1.000000,Transmission,Mk10,11-Jun-2019,20:45:00,,,,219.0,27.00,,,,
ZcTag087,180757,1.000000,Transmission,Mk10,11-Jun-2019,20:50:00,,,,37.0,13.00,,,,
ZcTag087,180757,1.000000,Transmission,Mk10,11-Jun-2019,20:55:00,,,,37.0,13.00,,,,
ZcTag087,180757,1.000000,Transmission,Mk10,11-Jun-2019,21:00:00,,,,631.0,55.50,,,,
ZcTag087,180757,1.000000,Transmission,Mk10,11-Jun-2019,21:05:00,,,,1165.0,109.50,,,,
ZcTag087,180757,1.000000,Transmission,Mk10,11-Jun-2019,21:10:00,,,,1360.0,112.50,,,,
ZcTag087,180757,1.000000,Transmission,Mk10,11-Jun-2019,21:15:00,,,,1360.0,112.50,,,,
ZcTag087,180757,1.000000,Transmission,Mk10,11-Jun-2019,21:20:00,,,,1360.0,112.50,,,,
ZcTag087,180757,1.000000,Transmission,Mk10,11-Jun-2019,21:25:00,,,,1165.0,109.50,,,,
ZcTag087,180757,1.000000,Transmission,Mk10,11-Jun-2019,21:30:00,,,,971.0,107.50,,,,
ZcTag087,180757,1.000000,Transmission,Mk10,11-Jun-2019,21:35:00,,,,777.0,105.50,,,,
ZcTag087,180757,1.000000,Transmission,Mk10,11-Jun-2019,21:40:00,,,,631.0,55.50,,,,
ZcTag087,180757,1.000000,Transmission,Mk10,11-Jun-2019,21:45:00,,,,534.0,54.50,,,,
ZcTag087,180757,1.000000,Transmission,Mk10,11-Jun-2019,21:50:00,,,,170.0,26.50,,,,
ZcTag087,180757,1.000000,Transmission,Mk10,11-Jun-2019,21:55:00,,,,37.0,13.00,,,,
ZcTag087,180757,1.000000,Transmission,Mk10,11-Jun-2019,22:00:00,,,,340.0,52.50,,,,
ZcTag087,180757,1.000000,Transmission,Mk10,11-Jun-2019,22:05:00,,,,437.0,53.50,,,,
ZcTag087,180757,1.000000,Transmission,Mk10,11-Jun-2019,22:10:00,,,,340.0,52.50,,,,
ZcTag087,180757,1.000000,Transmission,Mk10,11-Jun-2019,22:15:00,,,,170.0,26.50,,,,
ZcTag087,180757,1.000000,Transmission,Mk10,11-Jun-2019,22:20:00,,,,12.0,12.50,,,,
ZcTag087,180757,1.000000,Transmission,Mk10,11-Jun-2019,22:25:00,,,,340.0,52.50,,,,
ZcTag087,180757,1.000000,Transmission,Mk10,11-Jun-2019,22:30:00,,,,340.0,52.50,,,,
ZcTag087,180757,1.000000,Transmission,Mk10,11-Jun-2019,22:35:00,,,,267.0,27.50,,,,
ZcTag087,180757,1.000000,Transmission,Mk10,11-Jun-2019,22:40:00,,,,12.0,12.50,,,,
ZcTag087,180757,1.000000,Transmission,Mk10,11-Jun-2019,22:45:00,,,,170.0,26.50,,,,
ZcTag087,180757,1.000000,Transmission,Mk10,11-Jun-2019,22:50:00,,,,340.0,52.50,,,,
ZcTag087,180757,1.000000,Transmission,Mk10,11-Jun-2019,22:55:00,,,,219.0,27.00,,,,
ZcTag087,180757,1.000000,Transmission,Mk10,11-Jun-2019,23:00:00,,,,12.0,12.50,,,,
ZcTag087,180757,1.000000,Transmission,Mk10,11-Jun-2019,23:05:00,,,,12.0,12.50,,,,
ZcTag087,180757,1.000000,Transmission,Mk10,11-Jun-2019,23:10:00,,,,534.0,54.50,,,,
ZcTag087,180757,1.000000,Transmission,Mk10,11-Jun-2019,23:15:00,,,,971.0,107.50,,,,
ZcTag087,180757,1.000000,Transmission,Mk10,11-Jun-2019,23:20:00,,,,971.0,107.50,,,,
ZcTag087,180757,1.000000,Transmission,Mk10,11-Jun-2019,23:25:00,,,,971.0,107.50,,,,
ZcTag087,180757,1.000000,Transmission,Mk10,11-Jun-2019,23:30:00,,,,971.0,107.50,,,,
ZcTag087,180757,1.000000,Transmission,Mk10,11-Jun-2019,23:35:00,,,,971.0,107.50,,,,
ZcTag087,180757,1.000000,Transmission,Mk10,11-Jun-2019,23:40:00,,,,777.0,105.50,,,,
ZcTag087,180757,1.000000,Transmission,Mk10,11-Jun-2019,23:45:00,,,,631.0,55.50,,,,
ZcTag087,180757,1.000000,Transmission,Mk10,11-Jun-2019,23:50:00,,,,267.0,27.50,,,,
ZcTag087,180757,1.000000,Transmission,Mk10,11-Jun-2019,23:55:00,,,,12.0,12.50,,,,
ZcTag087,180757,1.000000,Transmission,Mk10,12-Jun-2019,04:00:00,,,,243.0,38.50,,,,
ZcTag087,180757,1.000000,Transmission,Mk10,12-Jun-2019,04:05:00,,,,243.0,38.50,,,,
ZcTag087,180757,1.000000,Transmission,Mk10,12-Jun-2019,04:10:00,,,,121.0,19.50,,,,
ZcTag087,180757,1.000000,Transmission,Mk10,12-Jun-2019,04:15:00,,,,9.0,9.00,,,,
ZcTag087,180757,1.000000,Transmission,Mk10,12-Jun-2019,04:20:00,,,,156.0,20.50,,,,
ZcTag087,180757,1.000000,Transmission,Mk10,12-Jun-2019,04:25:00,,,,695.0,80.00,,,,
ZcTag087,180757,1.000000,Transmission,Mk10,12-Jun-2019,04:30:00,,,,834.0,82.00,,,,
ZcTag087,180757,1.000000,Transmission,Mk10,12-Jun-2019,04:35:00,,,,834.0,82.00,,,,
ZcTag087,180757,1.000000,Transmission,Mk10,12-Jun-2019,04:40:00,,,,973.0,84.00,,,,
ZcTag087,180757,1.000000,Transmission,Mk10,12-Jun-2019,04:45:00,,,,834.0,82.00,,,,
ZcTag087,180757,1.000000,Transmission,Mk10,12-Jun-2019,04:50:00,,,,695.0,80.00,,,,
ZcTag087,180757,1.000000,Transmission,Mk10,12-Jun-2019,04:55:00,,,,451.0,41.50,,,,
ZcTag087,180757,1.000000,Transmission,Mk10,12-Jun-2019,05:00:00,,,,156.0,20.50,,,,
ZcTag087,180757,1.000000,Transmission,Mk10,12-Jun-2019,05:05:00,,,,9.0,9.00,,,,
ZcTag087,180757,1.000000,Transmission,Mk10,12-Jun-2019,05:10:00,,,,191.0,20.50,,,,
ZcTag087,180757,1.000000,Transmission,Mk10,12-Jun-2019,05:15:00,,,,243.0,38.50,,,,
ZcTag087,180757,1.000000,Transmission,Mk10,12-Jun-2019,05:20:00,,,,313.0,40.00,,,,
ZcTag087,180757,1.000000,Transmission,Mk10,12-Jun-2019,05:25:00,,,,243.0,38.50,,,,
ZcTag087,180757,1.000000,Transmission,Mk10,12-Jun-2019,05:30:00,,,,9.0,9.00,,,,
ZcTag087,180757,1.000000,Transmission,Mk10,12-Jun-2019,05:35:00,,,,61.0,10.00,,,,
ZcTag087,180757,1.000000,Transmission,Mk10,12-Jun-2019,05:40:00,,,,556.0,78.00,,,,
ZcTag087,180757,1.000000,Transmission,Mk10,12-Jun-2019,05:45:00,,,,973.0,84.00,,,,
ZcTag087,180757,1.000000,Transmission,Mk10,12-Jun-2019,05:50:00,,,,973.0,84.00,,,,
ZcTag087,180757,1.000000,Transmission,Mk10,12-Jun-2019,05:55:00,,,,973.0,84.00,,,,
ZcTag087,180757,1.000000,Transmission,Mk10,12-Jun-2019,06:00:00,,,,973.0,84.00,,,,
ZcTag087,180757,1.000000,Transmission,Mk10,12-Jun-2019,06:05:00,,,,973.0,84.00,,,,
ZcTag087,180757,1.000000,Transmission,Mk10,12-Jun-2019,06:10:00,,,,834.0,82.00,,,,
ZcTag087,180757,1.000000,Transmission,Mk10,12-Jun-2019,06:15:00,,,,973.0,84.00,,,,
ZcTag087,180757,1.000000,Transmission,Mk10,12-Jun-2019,06:20:00,,,,834.0,82.00,,,,
ZcTag087,180757,1.000000,Transmission,Mk10,12-Jun-2019,06:25:00,,,,695.0,80.00,,,,
ZcTag087,180757,1.000000,Transmission,Mk10,12-Jun-2019,06:30:00,,,,243.0,38.50,,,,
ZcTag087,180757,1.000000,Transmission,Mk10,12-Jun-2019,06:35:00,,,,9.0,9.00,,,,
ZcTag087,180757,1.000000,Transmission,Mk10,12-Jun-2019,06:40:00,,,,121.0,19.50,,,,
ZcTag087,180757,1.000000,Transmission,Mk10,12-Jun-2019,06:45:00,,,,243.0,38.50,,,,
ZcTag087,180757,1.000000,Transmission,Mk10,12-Jun-2019,06:50:00,,,,191.0,20.50,,,,
ZcTag087,180757,1.000000,Transmission,Mk10,12-Jun-2019,06:55:00,,,,9.0,9.00,,,,
ZcTag087,180757,1.000000,Transmission,Mk10,12-Jun-2019,07:00:00,,,,156.0,20.50,,,,
ZcTag087,180757,1.000000,Transmission,Mk10,12-Jun-2019,07:05:00,,,,191.0,20.50,,,,
ZcTag087,180757,1.000000,Transmission,Mk10,12-Jun-2019,07:10:00,,,,43.0,9.50,,,,
ZcTag087,180757,1.000000,Transmission,Mk10,12-Jun-2019,07:15:00,,,,9.0,9.00,,,,
ZcTag087,180757,1.000000,Transmission,Mk10,12-Jun-2019,07:20:00,,,,43.0,9.50,,,,
ZcTag087,180757,1.000000,Transmission,Mk10,12-Jun-2019,07:25:00,,,,556.0,78.00,,,,
ZcTag087,180757,1.000000,Transmission,Mk10,12-Jun-2019,07:30:00,,,,834.0,82.00,,,,
ZcTag087,180757,1.000000,Transmission,Mk10,12-Jun-2019,07:35:00,,,,834.0,82.00,,,,
ZcTag087,180757,1.000000,Transmission,Mk10,12-Jun-2019,07:40:00,,,,973.0,84.00,,,,
ZcTag087,180757,1.000000,Transmission,Mk10,12-Jun-2019,07:45:00,,,,973.0,84.00,,,,
ZcTag087,180757,1.000000,Transmission,Mk10,12-Jun-2019,07:50:00,,,,973.0,84.00,,,,
ZcTag087,180757,1.000000,Transmission,Mk10,12-Jun-2019,07:55:00,,,,973.0,84.00,,,,
ZcTag087,180757,1.000000,Transmission,Mk10,12-Jun-2019,08:00:00,,,,934.0,90.50,,,,
ZcTag087,180757,1.000000,Transmission,Mk10,12-Jun-2019,08:05:00,,,,779.0,88.00,,,,
ZcTag087,180757,1.000000,Transmission,Mk10,12-Jun-2019,08:10:00,,,,506.0,46.00,,,,
ZcTag087,180757,1.000000,Transmission,Mk10,12-Jun-2019,08:15:00,,,,175.0,22.50,,,,
ZcTag087,180757,1.000000,Transmission,Mk10,12-Jun-2019,08:20:00,,,,10.0,10.00,,,,
ZcTag087,180757,1.000000,Transmission,Mk10,12-Jun-2019,08:25:00,,,,136.0,21.50,,,,
ZcTag087,180757,1.000000,Transmission,Mk10,12-Jun-2019,08:30:00,,,,351.0,44.00,,,,
ZcTag087,180757,1.000000,Transmission,Mk10,12-Jun-2019,08:35:00,,,,623.0,86.50,,,,
ZcTag087,180757,1.000000,Transmission,Mk10,12-Jun-2019,08:40:00,,,,273.0,43.00,,,,
ZcTag087,180757,1.000000,Transmission,Mk10,12-Jun-2019,08:45:00,,,,10.0,10.00,,,,
ZcTag087,180757,1.000000,Transmission,Mk10,12-Jun-2019,08:50:00,,,,175.0,22.50,,,,
ZcTag087,180757,1.000000,Transmission,Mk10,12-Jun-2019,08:55:00,,,,214.0,22.50,,,,
ZcTag087,180757,1.000000,Transmission,Mk10,12-Jun-2019,09:00:00,,,,273.0,43.00,,,,
ZcTag087,180757,1.000000,Transmission,Mk10,12-Jun-2019,09:05:00,,,,175.0,22.50,,,,
ZcTag087,180757,1.000000,Transmission,Mk10,12-Jun-2019,09:10:00,,,,10.0,10.00,,,,
ZcTag087,180757,1.000000,Transmission,Mk10,12-Jun-2019,09:15:00,,,,175.0,22.50,,,,
ZcTag087,180757,1.000000,Transmission,Mk10,12-Jun-2019,09:20:00,,,,273.0,43.00,,,,
ZcTag087,180757,1.000000,Transmission,Mk10,12-Jun-2019,09:25:00,,,,273.0,43.00,,,,
ZcTag087,180757,1.000000,Transmission,Mk10,12-Jun-2019,09:30:00,,,,273.0,43.00,,,,
ZcTag087,180757,1.000000,Transmission,Mk10,12-Jun-2019,09:35:00,,,,273.0,43.00,,,,
ZcTag087,180757,1.000000,Transmission,Mk10,12-Jun-2019,09:40:00,,,,10.0,10.00,,,,
ZcTag087,180757,1.000000,Transmission,Mk10,12-Jun-2019,09:45:00,,,,214.0,22.50,,,,
ZcTag087,180757,1.000000,Transmission,Mk10,12-Jun-2019,09:50:00,,,,273.0,43.00,,,,
ZcTag087,180757,1.000000,Transmission,Mk10,12-Jun-2019,09:55:00,,,,351.0,44.00,,,,
ZcTag087,180757,1.000000,Transmission,Mk10,12-Jun-2019,10:00:00,,,,351.0,44.00,,,,
ZcTag087,180757,1.000000,Transmission,Mk10,12-Jun-2019,10:05:00,,,,273.0,43.00,,,,
ZcTag087,180757,1.000000,Transmission,Mk10,12-Jun-2019,10:10:00,,,,97.0,21.50,,,,
ZcTag087,180757,1.000000,Transmission,Mk10,12-Jun-2019,10:15:00,,,,97.0,21.50,,,,
ZcTag087,180757,1.000000,Transmission,Mk10,12-Jun-2019,10:20:00,,,,273.0,43.00,,,,
ZcTag087,180757,1.000000,Transmission,Mk10,12-Jun-2019,10:25:00,,,,351.0,44.00,,,,
ZcTag087,180757,1.000000,Transmission,Mk10,12-Jun-2019,10:30:00,,,,351.0,44.00,,,,
ZcTag087,180757,1.000000,Transmission,Mk10,12-Jun-2019,10:35:00,,,,273.0,43.00,,,,
ZcTag087,180757,1.000000,Transmission,Mk10,12-Jun-2019,10:40:00,,,,10.0,10.00,,,,
ZcTag087,180757,1.000000,Transmission,Mk10,12-Jun-2019,10:45:00,,,,214.0,22.50,,,,
ZcTag087,180757,1.000000,Transmission,Mk10,12-Jun-2019,10:50:00,,,,779.0,88.00,,,,
ZcTag087,180757,1.000000,Transmission,Mk10,12-Jun-2019,10:55:00,,,,1091.0,93.50,,,,
ZcTag087,180757,1.000000,Transmission,Mk10,12-Jun-2019,11:00:00,,,,1091.0,93.50,,,,
ZcTag087,180757,1.000000,Transmission,Mk10,12-Jun-2019,11:05:00,,,,1091.0,93.50,,,,
ZcTag087,180757,1.000000,Transmission,Mk10,12-Jun-2019,11:10:00,,,,1091.0,93.50,,,,
ZcTag087,180757,1.000000,Transmission,Mk10,12-Jun-2019,11:15:00,,,,1091.0,93.50,,,,
ZcTag087,180757,1.000000,Transmission,Mk10,12-Jun-2019,11:20:00,,,,1091.0,93.50,,,,
ZcTag087,180757,1.000000,Transmission,Mk10,12-Jun-2019,11:25:00,,,,1091.0,93.50,,,,
ZcTag087,180757,1.000000,Transmission,Mk10,12-Jun-2019,11:30:00,,,,934.0,90.50,,,,
ZcTag087,180757,1.000000,Transmission,Mk10,12-Jun-2019,11:35:00,,,,934.0,90.50,,,,
ZcTag087,180757,1.000000,Transmission,Mk10,12-Jun-2019,11:40:00,,,,934.0,90.50,,,,
ZcTag087,180757,1.000000,Transmission,Mk10,12-Jun-2019,11:45:00,,,,779.0,88.00,,,,
ZcTag087,180757,1.000000,Transmission,Mk10,12-Jun-2019,11:50:00,,,,623.0,86.50,,,,
ZcTag087,180757,1.000000,Transmission,Mk10,12-Jun-2019,11:55:00,,,,214.0,22.50,,,,
ZcTag087,180757,1.000000,Transmission,Mk10,12-Jun-2019,12:00:00,,,,10.0,10.50,,,,
ZcTag087,180757,1.000000,Transmission,Mk10,12-Jun-2019,12:05:00,,,,280.0,44.50,,,,
ZcTag087,180757,1.000000,Transmission,Mk10,12-Jun-2019,12:10:00,,,,361.0,46.00,,,,
ZcTag087,180757,1.000000,Transmission,Mk10,12-Jun-2019,12:15:00,,,,361.0,46.00,,,,
ZcTag087,180757,1.000000,Transmission,Mk10,12-Jun-2019,12:20:00,,,,280.0,44.50,,,,
ZcTag087,180757,1.000000,Transmission,Mk10,12-Jun-2019,12:25:00,,,,10.0,10.50,,,,
ZcTag087,180757,1.000000,Transmission,Mk10,12-Jun-2019,12:30:00,,,,140.0,22.50,,,,
ZcTag087,180757,1.000000,Transmission,Mk10,12-Jun-2019,12:35:00,,,,280.0,44.50,,,,
ZcTag087,180757,1.000000,Transmission,Mk10,12-Jun-2019,12:40:00,,,,280.0,44.50,,,,
ZcTag087,180757,1.000000,Transmission,Mk10,12-Jun-2019,12:45:00,,,,361.0,46.00,,,,
ZcTag087,180757,1.000000,Transmission,Mk10,12-Jun-2019,12:50:00,,,,220.0,23.50,,,,
ZcTag087,180757,1.000000,Transmission,Mk10,12-Jun-2019,12:55:00,,,,10.0,10.50,,,,
ZcTag087,180757,1.000000,Transmission,Mk10,12-Jun-2019,13:00:00,,,,220.0,23.50,,,,
ZcTag087,180757,1.000000,Transmission,Mk10,12-Jun-2019,13:05:00,,,,280.0,44.50,,,,
ZcTag087,180757,1.000000,Transmission,Mk10,12-Jun-2019,13:10:00,,,,280.0,44.50,,,,
ZcTag087,180757,1.000000,Transmission,Mk10,12-Jun-2019,13:15:00,,,,280.0,44.50,,,,
ZcTag087,180757,1.000000,Transmission,Mk10,12-Jun-2019,13:20:00,,,,180.0,23.50,,,,
ZcTag087,180757,1.000000,Transmission,Mk10,12-Jun-2019,13:25:00,,,,50.0,11.00,,,,
ZcTag087,180757,1.000000,Transmission,Mk10,12-Jun-2019,13:30:00,,,,220.0,23.50,,,,
ZcTag087,180757,1.000000,Transmission,Mk10,12-Jun-2019,13:35:00,,,,280.0,44.50,,,,
ZcTag087,180757,1.000000,Transmission,Mk10,12-Jun-2019,13:40:00,,,,280.0,44.50,,,,
ZcTag087,180757,1.000000,Transmission,Mk10,12-Jun-2019,13:45:00,,,,280.0,44.50,,,,
ZcTag087,180757,1.000000,Transmission,Mk10,12-Jun-2019,13:50:00,,,,10.0,10.50,,,,
ZcTag087,180757,1.000000,Transmission,Mk10,12-Jun-2019,13:55:00,,,,220.0,23.50,,,,
ZcTag087,180757,1.000000,Transmission,Mk10,12-Jun-2019,14:00:00,,,,801.0,92.50,,,,
ZcTag087,180757,1.000000,Transmission,Mk10,12-Jun-2019,14:05:00,,,,961.0,95.00,,,,
ZcTag087,180757,1.000000,Transmission,Mk10,12-Jun-2019,14:10:00,,,,1121.0,97.50,,,,
ZcTag087,180757,1.000000,Transmission,Mk10,12-Jun-2019,14:15:00,,,,1121.0,97.50,,,,
ZcTag087,180757,1.000000,Transmission,Mk10,12-Jun-2019,14:20:00,,,,1121.0,97.50,,,,
ZcTag087,180757,1.000000,Transmission,Mk10,12-Jun-2019,14:25:00,,,,1121.0,97.50,,,,
ZcTag087,180757,1.000000,Transmission,Mk10,12-Jun-2019,14:30:00,,,,961.0,95.00,,,,
ZcTag087,180757,1.000000,Transmission,Mk10,12-Jun-2019,14:35:00,,,,961.0,95.00,,,,
ZcTag087,180757,1.000000,Transmission,Mk10,12-Jun-2019,14:40:00,,,,801.0,92.50,,,,
ZcTag087,180757,1.000000,Transmission,Mk10,12-Jun-2019,14:45:00,,,,641.0,90.00,,,,
ZcTag087,180757,1.000000,Transmission,Mk10,12-Jun-2019,14:50:00,,,,520.0,48.50,,,,
ZcTag087,180757,1.000000,Transmission,Mk10,12-Jun-2019,14:55:00,,,,280.0,44.50,,,,
ZcTag087,180757,1.000000,Transmission,Mk10,12-Jun-2019,15:00:00,,,,10.0,10.50,,,,
ZcTag087,180757,1.000000,Transmission,Mk10,12-Jun-2019,15:05:00,,,,361.0,46.00,,,,
ZcTag087,180757,1.000000,Transmission,Mk10,12-Jun-2019,15:10:00,,,,361.0,46.00,,,,
ZcTag087,180757,1.000000,Transmission,Mk10,12-Jun-2019,15:15:00,,,,280.0,44.50,,,,
ZcTag087,180757,1.000000,Transmission,Mk10,12-Jun-2019,15:20:00,,,,10.0,10.50,,,,
ZcTag087,180757,1.000000,Transmission,Mk10,12-Jun-2019,15:25:00,,,,180.0,23.50,,,,
ZcTag087,180757,1.000000,Transmission,Mk10,12-Jun-2019,15:30:00,,,,280.0,44.50,,,,
ZcTag087,180757,1.000000,Transmission,Mk10,12-Jun-2019,15:35:00,,,,361.0,46.00,,,,
ZcTag087,180757,1.000000,Transmission,Mk10,12-Jun-2019,15:40:00,,,,280.0,44.50,,,,
ZcTag087,180757,1.000000,Transmission,Mk10,12-Jun-2019,15:45:00,,,,10.0,10.50,,,,
ZcTag087,180757,1.000000,Transmission,Mk10,12-Jun-2019,15:50:00,,,,220.0,23.50,,,,
ZcTag087,180757,1.000000,Transmission,Mk10,12-Jun-2019,15:55:00,,,,280.0,44.50,,,,
ZcTag087,180757,1.000000,Transmission,Mk10,12-Jun-2019,16:00:00,,,,310.0,48.50,,,,
ZcTag087,180757,1.000000,Transmission,Mk10,12-Jun-2019,16:05:00,,,,200.0,25.00,,,,
ZcTag087,180757,1.000000,Transmission,Mk10,12-Jun-2019,16:10:00,,,,11.0,11.50,,,,
ZcTag087,180757,1.000000,Transmission,Mk10,12-Jun-2019,16:15:00,,,,244.0,25.00,,,,
ZcTag087,180757,1.000000,Transmission,Mk10,12-Jun-2019,16:20:00,,,,710.0,97.00,,,,
ZcTag087,180757,1.000000,Transmission,Mk10,12-Jun-2019,16:25:00,,,,887.0,99.00,,,,
ZcTag087,180757,1.000000,Transmission,Mk10,12-Jun-2019,16:30:00,,,,1064.0,101.00,,,,
ZcTag087,180757,1.000000,Transmission,Mk10,12-Jun-2019,16:35:00,,,,1064.0,101.00,,,,
ZcTag087,180757,1.000000,Transmission,Mk10,12-Jun-2019,16:40:00,,,,1064.0,101.00,,,,
ZcTag087,180757,1.000000,Transmission,Mk10,12-Jun-2019,16:45:00,,,,1241.0,103.50,,,,
ZcTag087,180757,1.000000,Transmission,Mk10,12-Jun-2019,16:50:00,,,,1064.0,101.00,,,,
ZcTag087,180757,1.000000,Transmission,Mk10,12-Jun-2019,16:55:00,,,,1064.0,101.00,,,,
ZcTag087,180757,1.000000,Transmission,Mk10,12-Jun-2019,17:00:00,,,,710.0,97.00,,,,
ZcTag087,180757,1.000000,Transmission,Mk10,12-Jun-2019,17:05:00,,,,576.0,51.50,,,,
ZcTag087,180757,1.000000,Transmission,Mk10,12-Jun-2019,17:10:00,,,,310.0,48.50,,,,
ZcTag087,180757,1.000000,Transmission,Mk10,12-Jun-2019,17:15:00,,,,11.0,11.50,,,,
ZcTag087,180757,1.000000,Transmission,Mk10,12-Jun-2019,17:20:00,,,,244.0,25.00,,,,
ZcTag087,180757,1.000000,Transmission,Mk10,12-Jun-2019,17:25:00,,,,399.0,49.50,,,,
ZcTag087,180757,1.000000,Transmission,Mk10,12-Jun-2019,17:30:00,,,,399.0,49.50,,,,
ZcTag087,180757,1.000000,Transmission,Mk10,12-Jun-2019,17:35:00,,,,399.0,49.50,,,,
ZcTag087,180757,1.000000,Transmission,Mk10,12-Jun-2019,17:40:00,,,,310.0,48.50,,,,
ZcTag087,180757,1.000000,Transmission,Mk10,12-Jun-2019,17:45:00,,,,200.0,25.00,,,,
ZcTag087,180757,1.000000,Transmission,Mk10,12-Jun-2019,17:50:00,,,,33.0,12.00,,,,
ZcTag087,180757,1.000000,Transmission,Mk10,12-Jun-2019,17:55:00,,,,310.0,48.50,,,,
ZcTag087,180757,1.000000,Transmission,Mk10,12-Jun-2019,18:00:00,,,,310.0,48.50,,,,
ZcTag087,180757,1.000000,Transmission,Mk10,12-Jun-2019,18:05:00,,,,310.0,48.50,,,,
ZcTag087,180757,1.000000,Transmission,Mk10,12-Jun-2019,18:10:00,,,,155.0,24.50,,,,
ZcTag087,180757,1.000000,Transmission,Mk10,12-Jun-2019,18:15:00,,,,11.0,11.50,,,,
ZcTag087,180757,1.000000,Transmission,Mk10,12-Jun-2019,18:20:00,,,,111.0,24.00,,,,
ZcTag087,180757,1.000000,Transmission,Mk10,12-Jun-2019,18:25:00,,,,710.0,97.00,,,,
ZcTag087,180757,1.000000,Transmission,Mk10,12-Jun-2019,18:30:00,,,,1064.0,101.00,,,,
ZcTag087,180757,1.000000,Transmission,Mk10,12-Jun-2019,18:35:00,,,,1241.0,103.50,,,,
ZcTag087,180757,1.000000,Transmission,Mk10,12-Jun-2019,18:40:00,,,,1064.0,101.00,,,,
ZcTag087,180757,1.000000,Transmission,Mk10,12-Jun-2019,18:45:00,,,,1241.0,103.50,,,,
ZcTag087,180757,1.000000,Transmission,Mk10,12-Jun-2019,18:50:00,,,,1241.0,103.50,,,,
ZcTag087,180757,1.000000,Transmission,Mk10,12-Jun-2019,18:55:00,,,,1241.0,103.50,,,,
ZcTag087,180757,1.000000,Transmission,Mk10,12-Jun-2019,19:00:00,,,,1064.0,101.00,,,,
ZcTag087,180757,1.000000,Transmission,Mk10,12-Jun-2019,19:05:00,,,,887.0,99.00,,,,
ZcTag087,180757,1.000000,Transmission,Mk10,12-Jun-2019,19:10:00,,,,710.0,97.00,,,,
ZcTag087,180757,1.000000,Transmission,Mk10,12-Jun-2019,19:15:00,,,,576.0,51.50,,,,
ZcTag087,180757,1.000000,Transmission,Mk10,12-Jun-2019,19:20:00,,,,200.0,25.00,,,,
ZcTag087,180757,1.000000,Transmission,Mk10,12-Jun-2019,19:25:00,,,,33.0,12.00,,,,
ZcTag087,180757,1.000000,Transmission,Mk10,12-Jun-2019,19:30:00,,,,310.0,48.50,,,,
ZcTag087,180757,1.000000,Transmission,Mk10,12-Jun-2019,19:35:00,,,,399.0,49.50,,,,
ZcTag087,180757,1.000000,Transmission,Mk10,12-Jun-2019,19:40:00,,,,310.0,48.50,,,,
ZcTag087,180757,1.000000,Transmission,Mk10,12-Jun-2019,19:45:00,,,,244.0,25.00,,,,
ZcTag087,180757,1.000000,Transmission,Mk10,12-Jun-2019,19:50:00,,,,11.0,11.50,,,,
ZcTag087,180757,1.000000,Transmission,Mk10,12-Jun-2019,19:55:00,,,,244.0,25.00,,,,
ZcTag087,180757,1.000000,Transmission,Mk10,12-Jun-2019,20:00:00,,,,303.0,48.00,,,,
ZcTag087,180757,1.000000,Transmission,Mk10,12-Jun-2019,20:05:00,,,,303.0,48.00,,,,
ZcTag087,180757,1.000000,Transmission,Mk10,12-Jun-2019,20:10:00,,,,11.0,11.00,,,,
ZcTag087,180757,1.000000,Transmission,Mk10,12-Jun-2019,20:15:00,,,,195.0,25.00,,,,
ZcTag087,180757,1.000000,Transmission,Mk10,12-Jun-2019,20:20:00,,,,692.0,96.50,,,,
ZcTag087,180757,1.000000,Transmission,Mk10,12-Jun-2019,20:25:00,,,,1211.0,104.00,,,,
ZcTag087,180757,1.000000,Transmission,Mk10,12-Jun-2019,20:30:00,,,,1211.0,104.00,,,,
ZcTag087,180757,1.000000,Transmission,Mk10,12-Jun-2019,20:35:00,,,,1211.0,104.00,,,,
ZcTag087,180757,1.000000,Transmission,Mk10,12-Jun-2019,20:40:00,,,,1211.0,104.00,,,,
ZcTag087,180757,1.000000,Transmission,Mk10,12-Jun-2019,20:45:00,,,,1038.0,101.00,,,,
ZcTag087,180757,1.000000,Transmission,Mk10,12-Jun-2019,20:50:00,,,,692.0,96.50,,,,
ZcTag087,180757,1.000000,Transmission,Mk10,12-Jun-2019,20:55:00,,,,476.0,50.00,,,,
ZcTag087,180757,1.000000,Transmission,Mk10,12-Jun-2019,21:00:00,,,,238.0,25.00,,,,
ZcTag087,180757,1.000000,Transmission,Mk10,12-Jun-2019,21:05:00,,,,11.0,11.00,,,,
ZcTag087,180757,1.000000,Transmission,Mk10,12-Jun-2019,21:10:00,,,,238.0,25.00,,,,
ZcTag087,180757,1.000000,Transmission,Mk10,12-Jun-2019,21:15:00,,,,389.0,49.50,,,,
ZcTag087,180757,1.000000,Transmission,Mk10,12-Jun-2019,21:20:00,,,,389.0,49.50,,,,
ZcTag087,180757,1.000000,Transmission,Mk10,12-Jun-2019,21:25:00,,,,389.0,49.50,,,,
ZcTag087,180757,1.000000,Transmission,Mk10,12-Jun-2019,21:30:00,,,,151.0,24.50,,,,
ZcTag087,180757,1.000000,Transmission,Mk10,12-Jun-2019,21:35:00,,,,11.0,11.00,,,,
ZcTag087,180757,1.000000,Transmission,Mk10,12-Jun-2019,21:40:00,,,,389.0,49.50,,,,
ZcTag087,180757,1.000000,Transmission,Mk10,12-Jun-2019,21:45:00,,,,865.0,99.00,,,,
ZcTag087,180757,1.000000,Transmission,Mk10,12-Jun-2019,21:50:00,,,,1211.0,104.00,,,,
ZcTag087,180757,1.000000,Transmission,Mk10,12-Jun-2019,21:55:00,,,,1211.0,104.00,,,,
ZcTag087,180757,1.000000,Transmission,Mk10,12-Jun-2019,22:00:00,,,,1211.0,104.00,,,,
ZcTag087,180757,1.000000,Transmission,Mk10,12-Jun-2019,22:05:00,,,,1211.0,104.00,,,,
ZcTag087,180757,1.000000,Transmission,Mk10,12-Jun-2019,22:10:00,,,,1211.0,104.00,,,,
ZcTag087,180757,1.000000,Transmission,Mk10,12-Jun-2019,22:15:00,,,,865.0,99.00,,,,
ZcTag087,180757,1.000000,Transmission,Mk10,12-Jun-2019,22:20:00,,,,692.0,96.50,,,,
ZcTag087,180757,1.000000,Transmission,Mk10,12-Jun-2019,22:25:00,,,,389.0,49.50,,,,
ZcTag087,180757,1.000000,Transmission,Mk10,12-Jun-2019,22:30:00,,,,11.0,11.00,,,,
ZcTag087,180757,1.000000,Transmission,Mk10,12-Jun-2019,22:35:00,,,,151.0,24.50,,,,
ZcTag087,180757,1.000000,Transmission,Mk10,12-Jun-2019,22:40:00,,,,303.0,48.00,,,,
ZcTag087,180757,1.000000,Transmission,Mk10,12-Jun-2019,22:45:00,,,,303.0,48.00,,,,
ZcTag087,180757,1.000000,Transmission,Mk10,12-Jun-2019,22:50:00,,,,303.0,48.00,,,,
ZcTag087,180757,1.000000,Transmission,Mk10,12-Jun-2019,22:55:00,,,,238.0,25.00,,,,
ZcTag087,180757,1.000000,Transmission,Mk10,12-Jun-2019,23:00:00,,,,11.0,11.00,,,,
ZcTag087,180757,1.000000,Transmission,Mk10,12-Jun-2019,23:05:00,,,,238.0,25.00,,,,
ZcTag087,180757,1.000000,Transmission,Mk10,12-Jun-2019,23:10:00,,,,303.0,48.00,,,,
ZcTag087,180757,1.000000,Transmission,Mk10,12-Jun-2019,23:15:00,,,,151.0,24.50,,,,
ZcTag087,180757,1.000000,Transmission,Mk10,12-Jun-2019,23:20:00,,,,11.0,11.00,,,,
ZcTag087,180757,1.000000,Transmission,Mk10,12-Jun-2019,23:25:00,,,,476.0,50.00,,,,
ZcTag087,180757,1.000000,Transmission,Mk10,12-Jun-2019,23:30:00,,,,1038.0,101.00,,,,
ZcTag087,180757,1.000000,Transmission,Mk10,12-Jun-2019,23:35:00,,,,1038.0,101.00,,,,
ZcTag087,180757,1.000000,Transmission,Mk10,12-Jun-2019,23:40:00,,,,1038.0,101.00,,,,
ZcTag087,180757,1.000000,Transmission,Mk10,12-Jun-2019,23:45:00,,,,1038.0,101.00,,,,
ZcTag087,180757,1.000000,Transmission,Mk10,12-Jun-2019,23:50:00,,,,1038.0,101.00,,,,
ZcTag087,180757,1.000000,Transmission,Mk10,12-Jun-2019,23:55:00,,,,865.0,99.00,,,,
ZcTag087,180757,1.000000,Transmission,Mk10,13-Jun-2019,00:00:00,,,,641.0,90.00,,,,
ZcTag087,180757,1.000000,Transmission,Mk10,13-Jun-2019,00:05:00,,,,520.0,48.50,,,,
ZcTag087,180757,1.000000,Transmission,Mk10,13-Jun-2019,00:10:00,,,,220.0,23.50,,,,
ZcTag087,180757,1.000000,Transmission,Mk10,13-Jun-2019,00:15:00,,,,10.0,10.50,,,,
ZcTag087,180757,1.000000,Transmission,Mk10,13-Jun-2019,00:20:00,,,,280.0,44.50,,,,
ZcTag087,180757,1.000000,Transmission,Mk10,13-Jun-2019,00:25:00,,,,280.0,44.50,,,,
ZcTag087,180757,1.000000,Transmission,Mk10,13-Jun-2019,00:30:00,,,,280.0,44.50,,,,
ZcTag087,180757,1.000000,Transmission,Mk10,13-Jun-2019,00:35:00,,,,140.0,22.50,,,,
ZcTag087,180757,1.000000,Transmission,Mk10,13-Jun-2019,00:40:00,,,,100.0,22.00,,,,
ZcTag087,180757,1.000000,Transmission,Mk10,13-Jun-2019,00:45:00,,,,280.0,44.50,,,,
ZcTag087,180757,1.000000,Transmission,Mk10,13-Jun-2019,00:50:00,,,,441.0,47.00,,,,
ZcTag087,180757,1.000000,Transmission,Mk10,13-Jun-2019,00:55:00,,,,361.0,46.00,,,,
ZcTag087,180757,1.000000,Transmission,Mk10,13-Jun-2019,01:00:00,,,,100.0,22.00,,,,
ZcTag087,180757,1.000000,Transmission,Mk10,13-Jun-2019,01:05:00,,,,10.0,10.50,,,,
ZcTag087,180757,1.000000,Transmission,Mk10,13-Jun-2019,01:10:00,,,,361.0,46.00,,,,
ZcTag087,180757,1.000000,Transmission,Mk10,13-Jun-2019,01:15:00,,,,801.0,92.50,,,,
ZcTag087,180757,1.000000,Transmission,Mk10,13-Jun-2019,01:20:00,,,,801.0,92.50,,,,
ZcTag087,180757,1.000000,Transmission,Mk10,13-Jun-2019,01:25:00,,,,961.0,95.00,,,,
ZcTag087,180757,1.000000,Transmission,Mk10,13-Jun-2019,01:30:00,,,,961.0,95.00,,,,
ZcTag087,180757,1.000000,Transmission,Mk10,13-Jun-2019,01:35:00,,,,1121.0,97.50,,,,
ZcTag087,180757,1.000000,Transmission,Mk10,13-Jun-2019,01:40:00,,,,1121.0,97.50,,,,
ZcTag087,180757,1.000000,Transmission,Mk10,13-Jun-2019,01:45:00,,,,961.0,95.00,,,,
ZcTag087,180757,1.000000,Transmission,Mk10,13-Jun-2019,01:50:00,,,,641.0,90.00,,,,
ZcTag087,180757,1.000000,Transmission,Mk10,13-Jun-2019,01:55:00,,,,641.0,90.00,,,,
ZcTag087,180757,1.000000,Transmission,Mk10,13-Jun-2019,02:00:00,,,,361.0,46.00,,,,
ZcTag087,180757,1.000000,Transmission,Mk10,13-Jun-2019,02:05:00,,,,30.0,11.00,,,,
ZcTag087,180757,1.000000,Transmission,Mk10,13-Jun-2019,02:10:00,,,,100.0,22.00,,,,
ZcTag087,180757,1.000000,Transmission,Mk10,13-Jun-2019,02:15:00,,,,220.0,23.50,,,,
ZcTag087,180757,1.000000,Transmission,Mk10,13-Jun-2019,02:20:00,,,,220.0,23.50,,,,
ZcTag087,180757,1.000000,Transmission,Mk10,13-Jun-2019,02:25:00,,,,140.0,22.50,,,,
ZcTag087,180757,1.000000,Transmission,Mk10,13-Jun-2019,02:30:00,,,,10.0,10.50,,,,
ZcTag087,180757,1.000000,Transmission,Mk10,13-Jun-2019,02:35:00,,,,180.0,23.50,,,,
ZcTag087,180757,1.000000,Transmission,Mk10,13-Jun-2019,02:40:00,,,,140.0,22.50,,,,
ZcTag087,180757,1.000000,Transmission,Mk10,13-Jun-2019,02:45:00,,,,10.0,10.50,,,,
ZcTag087,180757,1.000000,Transmission,Mk10,13-Jun-2019,02:50:00,,,,361.0,46.00,,,,
ZcTag087,180757,1.000000,Transmission,Mk10,13-Jun-2019,02:55:00,,,,801.0,92.50,,,,
ZcTag087,180757,1.000000,Transmission,Mk10,13-Jun-2019,03:00:00,,,,801.0,92.50,,,,
ZcTag087,180757,1.000000,Transmission,Mk10,13-Jun-2019,03:05:00,,,,961.0,95.00,,,,
ZcTag087,180757,1.000000,Transmission,Mk10,13-Jun-2019,03:10:00,,,,1121.0,97.50,,,,
ZcTag087,180757,1.000000,Transmission,Mk10,13-Jun-2019,03:15:00,,,,961.0,95.00,,,,
ZcTag087,180757,1.000000,Transmission,Mk10,13-Jun-2019,03:20:00,,,,641.0,90.00,,,,
ZcTag087,180757,1.000000,Transmission,Mk10,13-Jun-2019,03:25:00,,,,220.0,23.50,,,,
ZcTag087,180757,1.000000,Transmission,Mk10,13-Jun-2019,03:30:00,,,,10.0,10.50,,,,
ZcTag087,180757,1.000000,Transmission,Mk10,13-Jun-2019,03:35:00,,,,180.0,23.50,,,,
ZcTag087,180757,1.000000,Transmission,Mk10,13-Jun-2019,03:40:00,,,,280.0,44.50,,,,
ZcTag087,180757,1.000000,Transmission,Mk10,13-Jun-2019,03:45:00,,,,280.0,44.50,,,,
ZcTag087,180757,1.000000,Transmission,Mk10,13-Jun-2019,03:50:00,,,,10.0,10.50,,,,
ZcTag087,180757,1.000000,Transmission,Mk10,13-Jun-2019,03:55:00,,,,140.0,22.50,,,,
ZcTag087,180757,1.000000,Transmission,Mk10,13-Jun-2019,04:00:00,,,,623.0,86.50,,,,
ZcTag087,180757,1.000000,Transmission,Mk10,13-Jun-2019,04:05:00,,,,934.0,90.50,,,,
ZcTag087,180757,1.000000,Transmission,Mk10,13-Jun-2019,04:10:00,,,,1091.0,93.50,,,,
ZcTag087,180757,1.000000,Transmission,Mk10,13-Jun-2019,04:15:00,,,,934.0,90.50,,,,
ZcTag087,180757,1.000000,Transmission,Mk10,13-Jun-2019,04:20:00,,,,623.0,86.50,,,,
ZcTag087,180757,1.000000,Transmission,Mk10,13-Jun-2019,04:25:00,,,,506.0,46.00,,,,
ZcTag087,180757,1.000000,Transmission,Mk10,13-Jun-2019,04:30:00,,,,273.0,43.00,,,,
ZcTag087,180757,1.000000,Transmission,Mk10,13-Jun-2019,04:35:00,,,,10.0,10.00,,,,
ZcTag087,180757,1.000000,Transmission,Mk10,13-Jun-2019,04:40:00,,,,136.0,21.50,,,,
ZcTag087,180757,1.000000,Transmission,Mk10,13-Jun-2019,04:45:00,,,,214.0,22.50,,,,
ZcTag087,180757,1.000000,Transmission,Mk10,13-Jun-2019,04:50:00,,,,273.0,43.00,,,,
ZcTag087,180757,1.000000,Transmission,Mk10,13-Jun-2019,04:55:00,,,,175.0,22.50,,,,
ZcTag087,180757,1.000000,Transmission,Mk10,13-Jun-2019,05:00:00,,,,10.0,10.00,,,,
ZcTag087,180757,1.000000,Transmission,Mk10,13-Jun-2019,05:05:00,,,,175.0,22.50,,,,
ZcTag087,180757,1.000000,Transmission,Mk10,13-Jun-2019,05:10:00,,,,214.0,22.50,,,,
ZcTag087,180757,1.000000,Transmission,Mk10,13-Jun-2019,05:15:00,,,,175.0,22.50,,,,
ZcTag087,180757,1.000000,Transmission,Mk10,13-Jun-2019,05:20:00,,,,10.0,10.00,,,,
ZcTag087,180757,1.000000,Transmission,Mk10,13-Jun-2019,05:25:00,,,,10.0,10.00,,,,
ZcTag087,180757,1.000000,Transmission,Mk10,13-Jun-2019,05:30:00,,,,428.0,44.50,,,,
ZcTag087,180757,1.000000,Transmission,Mk10,13-Jun-2019,05:35:00,,,,779.0,88.00,,,,
ZcTag087,180757,1.000000,Transmission,Mk10,13-Jun-2019,05:40:00,,,,934.0,90.50,,,,
ZcTag087,180757,1.000000,Transmission,Mk10,13-Jun-2019,05:45:00,,,,779.0,88.00,,,,
ZcTag087,180757,1.000000,Transmission,Mk10,13-Jun-2019,05:50:00,,,,1091.0,93.50,,,,
ZcTag087,180757,1.000000,Transmission,Mk10,13-Jun-2019,05:55:00,,,,1091.0,93.50,,,,
ZcTag087,180757,1.000000,Transmission,Mk10,13-Jun-2019,06:00:00,,,,934.0,90.50,,,,
ZcTag087,180757,1.000000,Transmission,Mk10,13-Jun-2019,06:05:00,,,,623.0,86.50,,,,
ZcTag087,180757,1.000000,Transmission,Mk10,13-Jun-2019,06:10:00,,,,351.0,44.00,,,,
ZcTag087,180757,1.000000,Transmission,Mk10,13-Jun-2019,06:15:00,,,,49.0,11.00,,,,
ZcTag087,180757,1.000000,Transmission,Mk10,13-Jun-2019,06:20:00,,,,68.0,11.00,,,,
ZcTag087,180757,1.000000,Transmission,Mk10,13-Jun-2019,06:25:00,,,,175.0,22.50,,,,
ZcTag087,180757,1.000000,Transmission,Mk10,13-Jun-2019,06:30:00,,,,214.0,22.50,,,,
ZcTag087,180757,1.000000,Transmission,Mk10,13-Jun-2019,06:35:00,,,,136.0,21.50,,,,
ZcTag087,180757,1.000000,Transmission,Mk10,13-Jun-2019,06:40:00,,,,10.0,10.00,,,,
ZcTag087,180757,1.000000,Transmission,Mk10,13-Jun-2019,06:45:00,,,,136.0,21.50,,,,
ZcTag087,180757,1.000000,Transmission,Mk10,13-Jun-2019,06:50:00,,,,175.0,22.50,,,,
ZcTag087,180757,1.000000,Transmission,Mk10,13-Jun-2019,06:55:00,,,,10.0,10.00,,,,
ZcTag087,180757,1.000000,Transmission,Mk10,13-Jun-2019,07:00:00,,,,97.0,21.50,,,,
ZcTag087,180757,1.000000,Transmission,Mk10,13-Jun-2019,07:05:00,,,,623.0,86.50,,,,
ZcTag087,180757,1.000000,Transmission,Mk10,13-Jun-2019,07:10:00,,,,934.0,90.50,,,,
ZcTag087,180757,1.000000,Transmission,Mk10,13-Jun-2019,07:15:00,,,,934.0,90.50,,,,
ZcTag087,180757,1.000000,Transmission,Mk10,13-Jun-2019,07:20:00,,,,934.0,90.50,,,,
ZcTag087,180757,1.000000,Transmission,Mk10,13-Jun-2019,07:25:00,,,,1091.0,93.50,,,,
ZcTag087,180757,1.000000,Transmission,Mk10,13-Jun-2019,07:30:00,,,,1091.0,93.50,,,,
ZcTag087,180757,1.000000,Transmission,Mk10,13-Jun-2019,07:35:00,,,,934.0,90.50,,,,
ZcTag087,180757,1.000000,Transmission,Mk10,13-Jun-2019,07:40:00,,,,623.0,86.50,,,,
ZcTag087,180757,1.000000,Transmission,Mk10,13-Jun-2019,07:45:00,,,,351.0,44.00,,,,
ZcTag087,180757,1.000000,Transmission,Mk10,13-Jun-2019,07:50:00,,,,10.0,10.00,,,,
ZcTag087,180757,1.000000,Transmission,Mk10,13-Jun-2019,07:55:00,,,,68.0,11.00,,,,
ZcTag087,180757,1.000000,Transmission,Mk10,13-Jun-2019,08:00:00,,,,108.0,23.50,,,,
ZcTag087,180757,1.000000,Transmission,Mk10,13-Jun-2019,08:05:00,,,,11.0,11.00,,,,
ZcTag087,180757,1.000000,Transmission,Mk10,13-Jun-2019,08:10:00,,,,54.0,12.00,,,,
ZcTag087,180757,1.000000,Transmission,Mk10,13-Jun-2019,08:15:00,,,,54.0,12.00,,,,
ZcTag087,180757,1.000000,Transmission,Mk10,13-Jun-2019,08:20:00,,,,32.0,11.50,,,,
ZcTag087,180757,1.000000,Transmission,Mk10,13-Jun-2019,08:25:00,,,,11.0,11.00,,,,
ZcTag087,180757,1.000000,Transmission,Mk10,13-Jun-2019,08:30:00,,,,54.0,12.00,,,,
ZcTag087,180757,1.000000,Transmission,Mk10,13-Jun-2019,08:35:00,,,,54.0,12.00,,,,
ZcTag087,180757,1.000000,Transmission,Mk10,13-Jun-2019,08:40:00,,,,11.0,11.00,,,,
ZcTag087,180757,1.000000,Transmission,Mk10,13-Jun-2019,08:45:00,,,,108.0,23.50,,,,
ZcTag087,180757,1.000000,Transmission,Mk10,13-Jun-2019,08:50:00,,,,692.0,96.50,,,,
ZcTag087,180757,1.000000,Transmission,Mk10,13-Jun-2019,08:55:00,,,,865.0,99.00,,,,
ZcTag087,180757,1.000000,Transmission,Mk10,13-Jun-2019,09:00:00,,,,1038.0,101.00,,,,
ZcTag087,180757,1.000000,Transmission,Mk10,13-Jun-2019,09:05:00,,,,1038.0,101.00,,,,
ZcTag087,180757,1.000000,Transmission,Mk10,13-Jun-2019,09:10:00,,,,1211.0,104.00,,,,
ZcTag087,180757,1.000000,Transmission,Mk10,13-Jun-2019,09:15:00,,,,1211.0,104.00,,,,
ZcTag087,180757,1.000000,Transmission,Mk10,13-Jun-2019,09:20:00,,,,1211.0,104.00,,,,
ZcTag087,180757,1.000000,Transmission,Mk10,13-Jun-2019,09:25:00,,,,1038.0,101.00,,,,
ZcTag087,180757,1.000000,Transmission,Mk10,13-Jun-2019,09:30:00,,,,692.0,96.50,,,,
ZcTag087,180757,1.000000,Transmission,Mk10,13-Jun-2019,09:35:00,,,,389.0,49.50,,,,
ZcTag087,180757,1.000000,Transmission,Mk10,13-Jun-2019,09:40:00,,,,151.0,24.50,,,,
ZcTag087,180757,1.000000,Transmission,Mk10,13-Jun-2019,09:45:00,,,,108.0,23.50,,,,
ZcTag087,180757,1.000000,Transmission,Mk10,13-Jun-2019,09:50:00,,,,303.0,48.00,,,,
ZcTag087,180757,1.000000,Transmission,Mk10,13-Jun-2019,09:55:00,,,,389.0,49.50,,,,
ZcTag087,180757,1.000000,Transmission,Mk10,13-Jun-2019,10:00:00,,,,389.0,49.50,,,,
ZcTag087,180757,1.000000,Transmission,Mk10,13-Jun-2019,10:05:00,,,,32.0,11.50,,,,
ZcTag087,180757,1.000000,Transmission,Mk10,13-Jun-2019,10:10:00,,,,151.0,24.50,,,,
ZcTag087,180757,1.000000,Transmission,Mk10,13-Jun-2019,10:15:00,,,,303.0,48.00,,,,
ZcTag087,180757,1.000000,Transmission,Mk10,13-Jun-2019,10:20:00,,,,303.0,48.00,,,,
ZcTag087,180757,1.000000,Transmission,Mk10,13-Jun-2019,10:25:00,,,,303.0,48.00,,,,
ZcTag087,180757,1.000000,Transmission,Mk10,13-Jun-2019,10:30:00,,,,151.0,24.50,,,,
ZcTag087,180757,1.000000,Transmission,Mk10,13-Jun-2019,10:35:00,,,,75.0,12.50,,,,
ZcTag087,180757,1.000000,Transmission,Mk10,13-Jun-2019,10:40:00,,,,238.0,25.00,,,,
ZcTag087,180757,1.000000,Transmission,Mk10,13-Jun-2019,10:45:00,,,,303.0,48.00,,,,
ZcTag087,180757,1.000000,Transmission,Mk10,13-Jun-2019,10:50:00,,,,303.0,48.00,,,,
ZcTag087,180757,1.000000,Transmission,Mk10,13-Jun-2019,10:55:00,,,,11.0,11.00,,,,
ZcTag087,180757,1.000000,Transmission,Mk10,13-Jun-2019,11:00:00,,,,238.0,25.00,,,,
ZcTag087,180757,1.000000,Transmission,Mk10,13-Jun-2019,11:05:00,,,,692.0,96.50,,,,
ZcTag087,180757,1.000000,Transmission,Mk10,13-Jun-2019,11:10:00,,,,865.0,99.00,,,,
ZcTag087,180757,1.000000,Transmission,Mk10,13-Jun-2019,11:15:00,,,,1038.0,101.00,,,,
ZcTag087,180757,1.000000,Transmission,Mk10,13-Jun-2019,11:20:00,,,,1211.0,104.00,,,,
ZcTag087,180757,1.000000,Transmission,Mk10,13-Jun-2019,11:25:00,,,,1211.0,104.00,,,,
ZcTag087,180757,1.000000,Transmission,Mk10,13-Jun-2019,11:30:00,,,,1038.0,101.00,,,,
ZcTag087,180757,1.000000,Transmission,Mk10,13-Jun-2019,11:35:00,,,,865.0,99.00,,,,
ZcTag087,180757,1.000000,Transmission,Mk10,13-Jun-2019,11:40:00,,,,562.0,51.50,,,,
ZcTag087,180757,1.000000,Transmission,Mk10,13-Jun-2019,11:45:00,,,,151.0,24.50,,,,
ZcTag087,180757,1.000000,Transmission,Mk10,13-Jun-2019,11:50:00,,,,389.0,49.50,,,,
ZcTag087,180757,1.000000,Transmission,Mk10,13-Jun-2019,11:55:00,,,,195.0,25.00,,,,
ZcTag087,180757,1.000000,Transmission,Mk10,13-Jun-2019,12:00:00,,,,72.0,12.00,,,,
ZcTag087,180757,1.000000,Transmission,Mk10,13-Jun-2019,12:05:00,,,,288.0,45.00,,,,
ZcTag087,180757,1.000000,Transmission,Mk10,13-Jun-2019,12:10:00,,,,288.0,45.00,,,,
ZcTag087,180757,1.000000,Transmission,Mk10,13-Jun-2019,12:15:00,,,,10.0,10.50,,,,
ZcTag087,180757,1.000000,Transmission,Mk10,13-Jun-2019,12:20:00,,,,185.0,23.50,,,,
ZcTag087,180757,1.000000,Transmission,Mk10,13-Jun-2019,12:25:00,,,,288.0,45.00,,,,
ZcTag087,180757,1.000000,Transmission,Mk10,13-Jun-2019,12:30:00,,,,288.0,45.00,,,,
ZcTag087,180757,1.000000,Transmission,Mk10,13-Jun-2019,12:35:00,,,,288.0,45.00,,,,
ZcTag087,180757,1.000000,Transmission,Mk10,13-Jun-2019,12:40:00,,,,10.0,10.50,,,,
ZcTag087,180757,1.000000,Transmission,Mk10,13-Jun-2019,12:45:00,,,,185.0,23.50,,,,
ZcTag087,180757,1.000000,Transmission,Mk10,13-Jun-2019,12:50:00,,,,288.0,45.00,,,,
ZcTag087,180757,1.000000,Transmission,Mk10,13-Jun-2019,12:55:00,,,,288.0,45.00,,,,
ZcTag087,180757,1.000000,Transmission,Mk10,13-Jun-2019,13:00:00,,,,288.0,45.00,,,,
ZcTag087,180757,1.000000,Transmission,Mk10,13-Jun-2019,13:05:00,,,,10.0,10.50,,,,
ZcTag087,180757,1.000000,Transmission,Mk10,13-Jun-2019,13:10:00,,,,226.0,23.50,,,,
ZcTag087,180757,1.000000,Transmission,Mk10,13-Jun-2019,13:15:00,,,,288.0,45.00,,,,
ZcTag087,180757,1.000000,Transmission,Mk10,13-Jun-2019,13:20:00,,,,288.0,45.00,,,,
ZcTag087,180757,1.000000,Transmission,Mk10,13-Jun-2019,13:25:00,,,,185.0,23.50,,,,
ZcTag087,180757,1.000000,Transmission,Mk10,13-Jun-2019,13:30:00,,,,10.0,10.50,,,,
ZcTag087,180757,1.000000,Transmission,Mk10,13-Jun-2019,13:35:00,,,,370.0,46.50,,,,
ZcTag087,180757,1.000000,Transmission,Mk10,13-Jun-2019,13:40:00,,,,823.0,93.00,,,,
ZcTag087,180757,1.000000,Transmission,Mk10,13-Jun-2019,13:45:00,,,,987.0,94.50,,,,
ZcTag087,180757,1.000000,Transmission,Mk10,13-Jun-2019,13:50:00,,,,1152.0,97.00,,,,
ZcTag087,180757,1.000000,Transmission,Mk10,13-Jun-2019,13:55:00,,,,1152.0,97.00,,,,
ZcTag087,180757,1.000000,Transmission,Mk10,13-Jun-2019,14:00:00,,,,1152.0,97.00,,,,
ZcTag087,180757,1.000000,Transmission,Mk10,13-Jun-2019,14:05:00,,,,1152.0,97.00,,,,
ZcTag087,180757,1.000000,Transmission,Mk10,13-Jun-2019,14:10:00,,,,1152.0,97.00,,,,
ZcTag087,180757,1.000000,Transmission,Mk10,13-Jun-2019,14:15:00,,,,658.0,90.50,,,,
ZcTag087,180757,1.000000,Transmission,Mk10,13-Jun-2019,14:20:00,,,,103.0,22.00,,,,
ZcTag087,180757,1.000000,Transmission,Mk10,13-Jun-2019,14:25:00,,,,10.0,10.50,,,,
ZcTag087,180757,1.000000,Transmission,Mk10,13-Jun-2019,14:30:00,,,,288.0,45.00,,,,
ZcTag087,180757,1.000000,Transmission,Mk10,13-Jun-2019,14:35:00,,,,658.0,90.50,,,,
ZcTag087,180757,1.000000,Transmission,Mk10,13-Jun-2019,14:40:00,,,,987.0,94.50,,,,
ZcTag087,180757,1.000000,Transmission,Mk10,13-Jun-2019,14:45:00,,,,1152.0,97.00,,,,
ZcTag087,180757,1.000000,Transmission,Mk10,13-Jun-2019,14:50:00,,,,1152.0,97.00,,,,
ZcTag087,180757,1.000000,Transmission,Mk10,13-Jun-2019,14:55:00,,,,823.0,93.00,,,,
ZcTag087,180757,1.000000,Transmission,Mk10,13-Jun-2019,15:00:00,,,,658.0,90.50,,,,
ZcTag087,180757,1.000000,Transmission,Mk10,13-Jun-2019,15:05:00,,,,370.0,46.50,,,,
ZcTag087,180757,1.000000,Transmission,Mk10,13-Jun-2019,15:10:00,,,,10.0,10.50,,,,
ZcTag087,180757,1.000000,Transmission,Mk10,13-Jun-2019,15:15:00,,,,288.0,45.00,,,,
ZcTag087,180757,1.000000,Transmission,Mk10,13-Jun-2019,15:20:00,,,,370.0,46.50,,,,
ZcTag087,180757,1.000000,Transmission,Mk10,13-Jun-2019,15:25:00,,,,370.0,46.50,,,,
ZcTag087,180757,1.000000,Transmission,Mk10,13-Jun-2019,15:30:00,,,,288.0,45.00,,,,
ZcTag087,180757,1.000000,Transmission,Mk10,13-Jun-2019,15:35:00,,,,10.0,10.50,,,,
ZcTag087,180757,1.000000,Transmission,Mk10,13-Jun-2019,15:40:00,,,,226.0,23.50,,,,
ZcTag087,180757,1.000000,Transmission,Mk10,13-Jun-2019,15:45:00,,,,288.0,45.00,,,,
ZcTag087,180757,1.000000,Transmission,Mk10,13-Jun-2019,15:50:00,,,,288.0,45.00,,,,
ZcTag087,180757,1.000000,Transmission,Mk10,13-Jun-2019,15:55:00,,,,288.0,45.00,,,,
ZcTag087,180757,1.000000,Transmission,Mk10,13-Jun-2019,16:00:00,,,,66.0,10.50,,,,
ZcTag087,180757,1.000000,Transmission,Mk10,13-Jun-2019,16:05:00,,,,171.0,22.00,,,,
ZcTag087,180757,1.000000,Transmission,Mk10,13-Jun-2019,16:10:00,,,,266.0,42.00,,,,
ZcTag087,180757,1.000000,Transmission,Mk10,13-Jun-2019,16:15:00,,,,342.0,43.00,,,,
ZcTag087,180757,1.000000,Transmission,Mk10,13-Jun-2019,16:20:00,,,,342.0,43.00,,,,
ZcTag087,180757,1.000000,Transmission,Mk10,13-Jun-2019,16:25:00,,,,266.0,42.00,,,,
ZcTag087,180757,1.000000,Transmission,Mk10,13-Jun-2019,16:30:00,,,,10.0,10.00,,,,
ZcTag087,180757,1.000000,Transmission,Mk10,13-Jun-2019,16:35:00,,,,10.0,10.00,,,,
ZcTag087,180757,1.000000,Transmission,Mk10,13-Jun-2019,16:40:00,,,,417.0,43.50,,,,
ZcTag087,180757,1.000000,Transmission,Mk10,13-Jun-2019,16:45:00,,,,910.0,88.50,,,,
ZcTag087,180757,1.000000,Transmission,Mk10,13-Jun-2019,16:50:00,,,,1062.0,90.50,,,,
ZcTag087,180757,1.000000,Transmission,Mk10,13-Jun-2019,16:55:00,,,,910.0,88.50,,,,
ZcTag087,180757,1.000000,Transmission,Mk10,13-Jun-2019,17:00:00,,,,910.0,88.50,,,,
ZcTag087,180757,1.000000,Transmission,Mk10,13-Jun-2019,17:05:00,,,,1062.0,90.50,,,,
ZcTag087,180757,1.000000,Transmission,Mk10,13-Jun-2019,17:10:00,,,,1062.0,90.50,,,,
ZcTag087,180757,1.000000,Transmission,Mk10,13-Jun-2019,17:15:00,,,,1062.0,90.50,,,,
ZcTag087,180757,1.000000,Transmission,Mk10,13-Jun-2019,17:20:00,,,,910.0,88.50,,,,
ZcTag087,180757,1.000000,Transmission,Mk10,13-Jun-2019,17:25:00,,,,759.0,86.00,,,,
ZcTag087,180757,1.000000,Transmission,Mk10,13-Jun-2019,17:30:00,,,,607.0,84.50,,,,
ZcTag087,180757,1.000000,Transmission,Mk10,13-Jun-2019,17:35:00,,,,342.0,43.00,,,,
ZcTag087,180757,1.000000,Transmission,Mk10,13-Jun-2019,17:40:00,,,,10.0,10.00,,,,
ZcTag087,180757,1.000000,Transmission,Mk10,13-Jun-2019,17:45:00,,,,266.0,42.00,,,,
ZcTag087,180757,1.000000,Transmission,Mk10,13-Jun-2019,17:50:00,,,,607.0,84.50,,,,
ZcTag087,180757,1.000000,Transmission,Mk10,13-Jun-2019,17:55:00,,,,607.0,84.50,,,,
ZcTag087,180757,1.000000,Transmission,Mk10,13-Jun-2019,18:00:00,,,,493.0,45.00,,,,
ZcTag087,180757,1.000000,Transmission,Mk10,13-Jun-2019,18:05:00,,,,266.0,42.00,,,,
ZcTag087,180757,1.000000,Transmission,Mk10,13-Jun-2019,18:10:00,,,,10.0,10.00,,,,
ZcTag087,180757,1.000000,Transmission,Mk10,13-Jun-2019,18:15:00,,,,266.0,42.00,,,,
ZcTag087,180757,1.000000,Transmission,Mk10,13-Jun-2019,18:20:00,,,,342.0,43.00,,,,
ZcTag087,180757,1.000000,Transmission,Mk10,13-Jun-2019,18:25:00,,,,417.0,43.50,,,,
ZcTag087,180757,1.000000,Transmission,Mk10,13-Jun-2019,18:30:00,,,,342.0,43.00,,,,
ZcTag087,180757,1.000000,Transmission,Mk10,13-Jun-2019,18:35:00,,,,171.0,22.00,,,,
ZcTag087,180757,1.000000,Transmission,Mk10,13-Jun-2019,18:40:00,,,,10.0,10.00,,,,
ZcTag087,180757,1.000000,Transmission,Mk10,13-Jun-2019,18:45:00,,,,266.0,42.00,,,,
ZcTag087,180757,1.000000,Transmission,Mk10,13-Jun-2019,18:50:00,,,,493.0,45.00,,,,
ZcTag087,180757,1.000000,Transmission,Mk10,13-Jun-2019,18:55:00,,,,493.0,45.00,,,,
ZcTag087,180757,1.000000,Transmission,Mk10,13-Jun-2019,19:00:00,,,,417.0,43.50,,,,
ZcTag087,180757,1.000000,Transmission,Mk10,13-Jun-2019,19:05:00,,,,266.0,42.00,,,,
ZcTag087,180757,1.000000,Transmission,Mk10,13-Jun-2019,19:10:00,,,,10.0,10.00,,,,
ZcTag087,180757,1.000000,Transmission,Mk10,13-Jun-2019,19:15:00,,,,209.0,22.00,,,,
ZcTag087,180757,1.000000,Transmission,Mk10,13-Jun-2019,19:20:00,,,,342.0,43.00,,,,
ZcTag087,180757,1.000000,Transmission,Mk10,13-Jun-2019,19:25:00,,,,342.0,43.00,,,,
ZcTag087,180757,1.000000,Transmission,Mk10,13-Jun-2019,19:30:00,,,,342.0,43.00,,,,
ZcTag087,180757,1.000000,Transmission,Mk10,13-Jun-2019,19:35:00,,,,266.0,42.00,,,,
ZcTag087,180757,1.000000,Transmission,Mk10,13-Jun-2019,19:40:00,,,,10.0,10.00,,,,
ZcTag087,180757,1.000000,Transmission,Mk10,13-Jun-2019,19:45:00,,,,10.0,10.00,,,,
ZcTag087,180757,1.000000,Transmission,Mk10,13-Jun-2019,19:50:00,,,,342.0,43.00,,,,
ZcTag087,180757,1.000000,Transmission,Mk10,13-Jun-2019,19:55:00,,,,607.0,84.50,,,,
ZcTag087,180757,1.000000,Transmission,Mk10,13-Jun-2019,20:00:00,,,,737.0,86.00,,,,
ZcTag087,180757,1.000000,Transmission,Mk10,13-Jun-2019,20:05:00,,,,884.0,88.50,,,,
ZcTag087,180757,1.000000,Transmission,Mk10,13-Jun-2019,20:10:00,,,,884.0,88.50,,,,
ZcTag087,180757,1.000000,Transmission,Mk10,13-Jun-2019,20:15:00,,,,884.0,88.50,,,,
ZcTag087,180757,1.000000,Transmission,Mk10,13-Jun-2019,20:20:00,,,,884.0,88.50,,,,
ZcTag087,180757,1.000000,Transmission,Mk10,13-Jun-2019,20:25:00,,,,884.0,88.50,,,,
ZcTag087,180757,1.000000,Transmission,Mk10,13-Jun-2019,20:30:00,,,,884.0,88.50,,,,
ZcTag087,180757,1.000000,Transmission,Mk10,13-Jun-2019,20:35:00,,,,1032.0,91.00,,,,
ZcTag087,180757,1.000000,Transmission,Mk10,13-Jun-2019,20:40:00,,,,884.0,88.50,,,,
ZcTag087,180757,1.000000,Transmission,Mk10,13-Jun-2019,20:45:00,,,,737.0,86.00,,,,
ZcTag087,180757,1.000000,Transmission,Mk10,13-Jun-2019,20:50:00,,,,590.0,84.00,,,,
ZcTag087,180757,1.000000,Transmission,Mk10,13-Jun-2019,20:55:00,,,,590.0,84.00,,,,
ZcTag087,180757,1.000000,Transmission,Mk10,13-Jun-2019,21:00:00,,,,590.0,84.00,,,,
ZcTag087,180757,1.000000,Transmission,Mk10,13-Jun-2019,21:05:00,,,,405.0,43.50,,,,
ZcTag087,180757,1.000000,Transmission,Mk10,13-Jun-2019,21:10:00,,,,9.0,9.50,,,,
ZcTag087,180757,1.000000,Transmission,Mk10,13-Jun-2019,21:15:00,,,,166.0,22.00,,,,
ZcTag087,180757,1.000000,Transmission,Mk10,13-Jun-2019,21:20:00,,,,258.0,41.50,,,,
ZcTag087,180757,1.000000,Transmission,Mk10,13-Jun-2019,21:25:00,,,,258.0,41.50,,,,
ZcTag087,180757,1.000000,Transmission,Mk10,13-Jun-2019,21:30:00,,,,258.0,41.50,,,,
ZcTag087,180757,1.000000,Transmission,Mk10,13-Jun-2019,21:35:00,,,,9.0,9.50,,,,
ZcTag087,180757,1.000000,Transmission,Mk10,13-Jun-2019,21:40:00,,,,166.0,22.00,,,,
ZcTag087,180757,1.000000,Transmission,Mk10,13-Jun-2019,21:45:00,,,,258.0,41.50,,,,
ZcTag087,180757,1.000000,Transmission,Mk10,13-Jun-2019,21:50:00,,,,258.0,41.50,,,,
ZcTag087,180757,1.000000,Transmission,Mk10,13-Jun-2019,21:55:00,,,,203.0,22.00,,,,
ZcTag087,180757,1.000000,Transmission,Mk10,13-Jun-2019,22:00:00,,,,9.0,9.50,,,,
ZcTag087,180757,1.000000,Transmission,Mk10,13-Jun-2019,22:05:00,,,,129.0,21.00,,,,
ZcTag087,180757,1.000000,Transmission,Mk10,13-Jun-2019,22:10:00,,,,590.0,84.00,,,,
ZcTag087,180757,1.000000,Transmission,Mk10,13-Jun-2019,22:15:00,,,,737.0,86.00,,,,
ZcTag087,180757,1.000000,Transmission,Mk10,13-Jun-2019,22:20:00,,,,884.0,88.50,,,,
ZcTag087,180757,1.000000,Transmission,Mk10,13-Jun-2019,22:25:00,,,,1032.0,91.00,,,,
ZcTag087,180757,1.000000,Transmission,Mk10,13-Jun-2019,22:30:00,,,,1032.0,91.00,,,,
ZcTag087,180757,1.000000,Transmission,Mk10,13-Jun-2019,22:35:00,,,,1032.0,91.00,,,,
ZcTag087,180757,1.000000,Transmission,Mk10,13-Jun-2019,22:40:00,,,,884.0,88.50,,,,
ZcTag087,180757,1.000000,Transmission,Mk10,13-Jun-2019,22:45:00,,,,884.0,88.50,,,,
ZcTag087,180757,1.000000,Transmission,Mk10,13-Jun-2019,22:50:00,,,,884.0,88.50,,,,
ZcTag087,180757,1.000000,Transmission,Mk10,13-Jun-2019,22:55:00,,,,737.0,86.00,,,,
ZcTag087,180757,1.000000,Transmission,Mk10,13-Jun-2019,23:00:00,,,,590.0,84.00,,,,
ZcTag087,180757,1.000000,Transmission,Mk10,13-Jun-2019,23:05:00,,,,405.0,43.50,,,,
ZcTag087,180757,1.000000,Transmission,Mk10,13-Jun-2019,23:10:00,,,,9.0,9.50,,,,
ZcTag087,180757,1.000000,Transmission,Mk10,13-Jun-2019,23:15:00,,,,166.0,22.00,,,,
ZcTag087,180757,1.000000,Transmission,Mk10,13-Jun-2019,23:20:00,,,,258.0,41.50,,,,
ZcTag087,180757,1.000000,Transmission,Mk10,13-Jun-2019,23:25:00,,,,258.0,41.50,,,,
ZcTag087,180757,1.000000,Transmission,Mk10,13-Jun-2019,23:30:00,,,,166.0,22.00,,,,
ZcTag087,180757,1.000000,Transmission,Mk10,13-Jun-2019,23:35:00,,,,9.0,9.50,,,,
ZcTag087,180757,1.000000,Transmission,Mk10,13-Jun-2019,23:40:00,,,,203.0,22.00,,,,
ZcTag087,180757,1.000000,Transmission,Mk10,13-Jun-2019,23:45:00,,,,258.0,41.50,,,,
ZcTag087,180757,1.000000,Transmission,Mk10,13-Jun-2019,23:50:00,,,,258.0,41.50,,,,
ZcTag087,180757,1.000000,Transmission,Mk10,13-Jun-2019,23:55:00,,,,9.0,9.50,,,,
ZcTag087,180757,1.000000,Transmission,Mk10,14-Jun-2019,00:00:00,,,,238.0,30.00,,,,
ZcTag087,180757,1.000000,Transmission,Mk10,14-Jun-2019,00:05:00,,,,92.0,14.50,,,,
ZcTag087,180757,1.000000,Transmission,Mk10,14-Jun-2019,00:10:00,,,,13.0,13.50,,,,
ZcTag087,180757,1.000000,Transmission,Mk10,14-Jun-2019,00:15:00,,,,476.0,59.00,,,,
ZcTag087,180757,1.000000,Transmission,Mk10,14-Jun-2019,00:20:00,,,,846.0,116.00,,,,
ZcTag087,180757,1.000000,Transmission,Mk10,14-Jun-2019,00:25:00,,,,1057.0,118.00,,,,
ZcTag087,180757,1.000000,Transmission,Mk10,14-Jun-2019,00:30:00,,,,1268.0,120.50,,,,
ZcTag087,180757,1.000000,Transmission,Mk10,14-Jun-2019,00:35:00,,,,1057.0,118.00,,,,
ZcTag087,180757,1.000000,Transmission,Mk10,14-Jun-2019,00:40:00,,,,1268.0,120.50,,,,
ZcTag087,180757,1.000000,Transmission,Mk10,14-Jun-2019,00:45:00,,,,1057.0,118.00,,,,
ZcTag087,180757,1.000000,Transmission,Mk10,14-Jun-2019,00:50:00,,,,1057.0,118.00,,,,
ZcTag087,180757,1.000000,Transmission,Mk10,14-Jun-2019,00:55:00,,,,846.0,116.00,,,,
ZcTag087,180757,1.000000,Transmission,Mk10,14-Jun-2019,01:00:00,,,,476.0,59.00,,,,
ZcTag087,180757,1.000000,Transmission,Mk10,14-Jun-2019,01:05:00,,,,92.0,14.50,,,,
ZcTag087,180757,1.000000,Transmission,Mk10,14-Jun-2019,01:10:00,,,,92.0,14.50,,,,
ZcTag087,180757,1.000000,Transmission,Mk10,14-Jun-2019,01:15:00,,,,238.0,30.00,,,,
ZcTag087,180757,1.000000,Transmission,Mk10,14-Jun-2019,01:20:00,,,,238.0,30.00,,,,
ZcTag087,180757,1.000000,Transmission,Mk10,14-Jun-2019,01:25:00,,,,185.0,29.00,,,,
ZcTag087,180757,1.000000,Transmission,Mk10,14-Jun-2019,01:30:00,,,,13.0,13.50,,,,
ZcTag087,180757,1.000000,Transmission,Mk10,14-Jun-2019,01:35:00,,,,185.0,29.00,,,,
ZcTag087,180757,1.000000,Transmission,Mk10,14-Jun-2019,01:40:00,,,,238.0,30.00,,,,
ZcTag087,180757,1.000000,Transmission,Mk10,14-Jun-2019,01:45:00,,,,185.0,29.00,,,,
ZcTag087,180757,1.000000,Transmission,Mk10,14-Jun-2019,01:50:00,,,,13.0,13.50,,,,
ZcTag087,180757,1.000000,Transmission,Mk10,14-Jun-2019,01:55:00,,,,132.0,28.50,,,,
ZcTag087,180757,1.000000,Transmission,Mk10,14-Jun-2019,02:00:00,,,,687.0,61.00,,,,
ZcTag087,180757,1.000000,Transmission,Mk10,14-Jun-2019,02:05:00,,,,1057.0,118.00,,,,
ZcTag087,180757,1.000000,Transmission,Mk10,14-Jun-2019,02:10:00,,,,1480.0,123.00,,,,
ZcTag087,180757,1.000000,Transmission,Mk10,14-Jun-2019,02:15:00,,,,1480.0,123.00,,,,
ZcTag087,180757,1.000000,Transmission,Mk10,14-Jun-2019,02:20:00,,,,1480.0,123.00,,,,
ZcTag087,180757,1.000000,Transmission,Mk10,14-Jun-2019,02:25:00,,,,1480.0,123.00,,,,
ZcTag087,180757,1.000000,Transmission,Mk10,14-Jun-2019,02:30:00,,,,1268.0,120.50,,,,
ZcTag087,180757,1.000000,Transmission,Mk10,14-Jun-2019,02:35:00,,,,846.0,116.00,,,,
ZcTag087,180757,1.000000,Transmission,Mk10,14-Jun-2019,02:40:00,,,,581.0,59.50,,,,
ZcTag087,180757,1.000000,Transmission,Mk10,14-Jun-2019,02:45:00,,,,238.0,30.00,,,,
ZcTag087,180757,1.000000,Transmission,Mk10,14-Jun-2019,02:50:00,,,,13.0,13.50,,,,
ZcTag087,180757,1.000000,Transmission,Mk10,14-Jun-2019,02:55:00,,,,238.0,30.00,,,,
ZcTag087,180757,1.000000,Transmission,Mk10,14-Jun-2019,03:00:00,,,,370.0,57.50,,,,
ZcTag087,180757,1.000000,Transmission,Mk10,14-Jun-2019,03:05:00,,,,370.0,57.50,,,,
ZcTag087,180757,1.000000,Transmission,Mk10,14-Jun-2019,03:10:00,,,,92.0,14.50,,,,
ZcTag087,180757,1.000000,Transmission,Mk10,14-Jun-2019,03:15:00,,,,92.0,14.50,,,,
ZcTag087,180757,1.000000,Transmission,Mk10,14-Jun-2019,03:20:00,,,,238.0,30.00,,,,
ZcTag087,180757,1.000000,Transmission,Mk10,14-Jun-2019,03:25:00,,,,238.0,30.00,,,,
ZcTag087,180757,1.000000,Transmission,Mk10,14-Jun-2019,03:30:00,,,,238.0,30.00,,,,
ZcTag087,180757,1.000000,Transmission,Mk10,14-Jun-2019,03:35:00,,,,40.0,14.00,,,,
ZcTag087,180757,1.000000,Transmission,Mk10,14-Jun-2019,03:40:00,,,,132.0,28.50,,,,
ZcTag087,180757,1.000000,Transmission,Mk10,14-Jun-2019,03:45:00,,,,185.0,29.00,,,,
ZcTag087,180757,1.000000,Transmission,Mk10,14-Jun-2019,03:50:00,,,,13.0,13.50,,,,
ZcTag087,180757,1.000000,Transmission,Mk10,14-Jun-2019,03:55:00,,,,238.0,30.00,,,,
ZcTag087,180757,1.000000,Transmission,Mk10,14-Jun-2019,04:00:00,,,,672.0,58.50,,,,
ZcTag087,180757,1.000000,Transmission,Mk10,14-Jun-2019,04:05:00,,,,828.0,112.00,,,,
ZcTag087,180757,1.000000,Transmission,Mk10,14-Jun-2019,04:10:00,,,,1035.0,114.00,,,,
ZcTag087,180757,1.000000,Transmission,Mk10,14-Jun-2019,04:15:00,,,,828.0,112.00,,,,
ZcTag087,180757,1.000000,Transmission,Mk10,14-Jun-2019,04:20:00,,,,569.0,57.50,,,,
ZcTag087,180757,1.000000,Transmission,Mk10,14-Jun-2019,04:25:00,,,,362.0,55.50,,,,
ZcTag087,180757,1.000000,Transmission,Mk10,14-Jun-2019,04:30:00,,,,181.0,28.00,,,,
ZcTag087,180757,1.000000,Transmission,Mk10,14-Jun-2019,04:35:00,,,,13.0,13.50,,,,
ZcTag087,180757,1.000000,Transmission,Mk10,14-Jun-2019,04:40:00,,,,181.0,28.00,,,,
ZcTag087,180757,1.000000,Transmission,Mk10,14-Jun-2019,04:45:00,,,,181.0,28.00,,,,
ZcTag087,180757,1.000000,Transmission,Mk10,14-Jun-2019,04:50:00,,,,129.0,27.50,,,,
ZcTag087,180757,1.000000,Transmission,Mk10,14-Jun-2019,04:55:00,,,,13.0,13.50,,,,
ZcTag087,180757,1.000000,Transmission,Mk10,14-Jun-2019,05:00:00,,,,13.0,13.50,,,,
ZcTag087,180757,1.000000,Transmission,Mk10,14-Jun-2019,05:05:00,,,,13.0,13.50,,,,
ZcTag087,180757,1.000000,Transmission,Mk10,14-Jun-2019,05:10:00,,,,13.0,13.50,,,,
ZcTag087,180757,1.000000,Transmission,Mk10,14-Jun-2019,05:15:00,,,,13.0,13.50,,,,
ZcTag087,180757,1.000000,Transmission,Mk10,14-Jun-2019,05:20:00,,,,13.0,13.50,,,,
ZcTag087,180757,1.000000,Transmission,Mk10,14-Jun-2019,05:25:00,,,,181.0,28.00,,,,
ZcTag087,180757,1.000000,Transmission,Mk10,14-Jun-2019,05:30:00,,,,233.0,29.00,,,,
ZcTag087,180757,1.000000,Transmission,Mk10,14-Jun-2019,05:35:00,,,,233.0,29.00,,,,
ZcTag087,180757,1.000000,Transmission,Mk10,14-Jun-2019,05:40:00,,,,129.0,27.50,,,,
ZcTag087,180757,1.000000,Transmission,Mk10,14-Jun-2019,05:45:00,,,,13.0,13.50,,,,
ZcTag087,180757,1.000000,Transmission,Mk10,14-Jun-2019,05:50:00,,,,181.0,28.00,,,,
ZcTag087,180757,1.000000,Transmission,Mk10,14-Jun-2019,05:55:00,,,,181.0,28.00,,,,
ZcTag087,180757,1.000000,Transmission,Mk10,14-Jun-2019,06:00:00,,,,181.0,28.00,,,,
ZcTag087,180757,1.000000,Transmission,Mk10,14-Jun-2019,06:05:00,,,,13.0,13.50,,,,
ZcTag087,180757,1.000000,Transmission,Mk10,14-Jun-2019,06:10:00,,,,13.0,13.50,,,,
ZcTag087,180757,1.000000,Transmission,Mk10,14-Jun-2019,06:15:00,,,,233.0,29.00,,,,
ZcTag087,180757,1.000000,Transmission,Mk10,14-Jun-2019,06:20:00,,,,828.0,112.00,,,,
ZcTag087,180757,1.000000,Transmission,Mk10,14-Jun-2019,06:25:00,,,,1242.0,116.00,,,,
ZcTag087,180757,1.000000,Transmission,Mk10,14-Jun-2019,06:30:00,,,,1450.0,119.00,,,,
ZcTag087,180757,1.000000,Transmission,Mk10,14-Jun-2019,06:35:00,,,,1450.0,119.00,,,,
ZcTag087,180757,1.000000,Transmission,Mk10,14-Jun-2019,06:40:00,,,,1450.0,119.00,,,,
ZcTag087,180757,1.000000,Transmission,Mk10,14-Jun-2019,06:45:00,,,,1242.0,116.00,,,,
ZcTag087,180757,1.000000,Transmission,Mk10,14-Jun-2019,06:50:00,,,,1242.0,116.00,,,,
ZcTag087,180757,1.000000,Transmission,Mk10,14-Jun-2019,06:55:00,,,,1035.0,114.00,,,,
ZcTag087,180757,1.000000,Transmission,Mk10,14-Jun-2019,07:00:00,,,,828.0,112.00,,,,
ZcTag087,180757,1.000000,Transmission,Mk10,14-Jun-2019,07:05:00,,,,828.0,112.00,,,,
ZcTag087,180757,1.000000,Transmission,Mk10,14-Jun-2019,07:10:00,,,,466.0,57.00,,,,
ZcTag087,180757,1.000000,Transmission,Mk10,14-Jun-2019,07:15:00,,,,362.0,55.50,,,,
ZcTag087,180757,1.000000,Transmission,Mk10,14-Jun-2019,07:20:00,,,,129.0,27.50,,,,
ZcTag087,180757,1.000000,Transmission,Mk10,14-Jun-2019,07:25:00,,,,90.0,14.50,,,,
ZcTag087,180757,1.000000,Transmission,Mk10,14-Jun-2019,07:30:00,,,,233.0,29.00,,,,
ZcTag087,180757,1.000000,Transmission,Mk10,14-Jun-2019,07:35:00,,,,233.0,29.00,,,,
ZcTag087,180757,1.000000,Transmission,Mk10,14-Jun-2019,07:40:00,,,,65.0,14.00,,,,
ZcTag087,180757,1.000000,Transmission,Mk10,14-Jun-2019,07:45:00,,,,39.0,14.00,,,,
ZcTag087,180757,1.000000,Transmission,Mk10,14-Jun-2019,07:50:00,,,,233.0,29.00,,,,
ZcTag087,180757,1.000000,Transmission,Mk10,14-Jun-2019,07:55:00,,,,233.0,29.00,,,,
ZcTag087,180757,1.000000,Transmission,Mk10,14-Jun-2019,08:00:00,,,,140.0,22.50,,,,
ZcTag087,180757,1.000000,Transmission,Mk10,14-Jun-2019,08:05:00,,,,10.0,10.50,,,,
ZcTag087,180757,1.000000,Transmission,Mk10,14-Jun-2019,08:10:00,,,,140.0,22.50,,,,
ZcTag087,180757,1.000000,Transmission,Mk10,14-Jun-2019,08:15:00,,,,220.0,23.50,,,,
ZcTag087,180757,1.000000,Transmission,Mk10,14-Jun-2019,08:20:00,,,,140.0,22.50,,,,
ZcTag087,180757,1.000000,Transmission,Mk10,14-Jun-2019,08:25:00,,,,10.0,10.50,,,,
ZcTag087,180757,1.000000,Transmission,Mk10,14-Jun-2019,08:30:00,,,,100.0,22.00,,,,
ZcTag087,180757,1.000000,Transmission,Mk10,14-Jun-2019,08:35:00,,,,641.0,90.00,,,,
ZcTag087,180757,1.000000,Transmission,Mk10,14-Jun-2019,08:40:00,,,,1121.0,97.50,,,,
ZcTag087,180757,1.000000,Transmission,Mk10,14-Jun-2019,08:45:00,,,,1121.0,97.50,,,,
ZcTag087,180757,1.000000,Transmission,Mk10,14-Jun-2019,08:50:00,,,,1121.0,97.50,,,,
ZcTag087,180757,1.000000,Transmission,Mk10,14-Jun-2019,08:55:00,,,,1121.0,97.50,,,,
ZcTag087,180757,1.000000,Transmission,Mk10,14-Jun-2019,09:00:00,,,,1121.0,97.50,,,,
ZcTag087,180757,1.000000,Transmission,Mk10,14-Jun-2019,09:05:00,,,,961.0,95.00,,,,
ZcTag087,180757,1.000000,Transmission,Mk10,14-Jun-2019,09:10:00,,,,961.0,95.00,,,,
ZcTag087,180757,1.000000,Transmission,Mk10,14-Jun-2019,09:15:00,,,,801.0,92.50,,,,
ZcTag087,180757,1.000000,Transmission,Mk10,14-Jun-2019,09:20:00,,,,641.0,90.00,,,,
ZcTag087,180757,1.000000,Transmission,Mk10,14-Jun-2019,09:25:00,,,,361.0,46.00,,,,
ZcTag087,180757,1.000000,Transmission,Mk10,14-Jun-2019,09:30:00,,,,10.0,10.50,,,,
ZcTag087,180757,1.000000,Transmission,Mk10,14-Jun-2019,09:35:00,,,,220.0,23.50,,,,
ZcTag087,180757,1.000000,Transmission,Mk10,14-Jun-2019,09:40:00,,,,361.0,46.00,,,,
ZcTag087,180757,1.000000,Transmission,Mk10,14-Jun-2019,09:45:00,,,,441.0,47.00,,,,
ZcTag087,180757,1.000000,Transmission,Mk10,14-Jun-2019,09:50:00,,,,100.0,22.00,,,,
ZcTag087,180757,1.000000,Transmission,Mk10,14-Jun-2019,09:55:00,,,,10.0,10.50,,,,
ZcTag087,180757,1.000000,Transmission,Mk10,14-Jun-2019,10:00:00,,,,520.0,48.50,,,,
ZcTag087,180757,1.000000,Transmission,Mk10,14-Jun-2019,10:05:00,,,,961.0,95.00,,,,
ZcTag087,180757,1.000000,Transmission,Mk10,14-Jun-2019,10:10:00,,,,961.0,95.00,,,,
ZcTag087,180757,1.000000,Transmission,Mk10,14-Jun-2019,10:15:00,,,,1121.0,97.50,,,,
ZcTag087,180757,1.000000,Transmission,Mk10,14-Jun-2019,10:20:00,,,,1121.0,97.50,,,,
ZcTag087,180757,1.000000,Transmission,Mk10,14-Jun-2019,10:25:00,,,,1121.0,97.50,,,,
ZcTag087,180757,1.000000,Transmission,Mk10,14-Jun-2019,10:30:00,,,,961.0,95.00,,,,
ZcTag087,180757,1.000000,Transmission,Mk10,14-Jun-2019,10:35:00,,,,961.0,95.00,,,,
ZcTag087,180757,1.000000,Transmission,Mk10,14-Jun-2019,10:40:00,,,,641.0,90.00,,,,
ZcTag087,180757,1.000000,Transmission,Mk10,14-Jun-2019,10:45:00,,,,361.0,46.00,,,,
ZcTag087,180757,1.000000,Transmission,Mk10,14-Jun-2019,10:50:00,,,,10.0,10.50,,,,
ZcTag087,180757,1.000000,Transmission,Mk10,14-Jun-2019,10:55:00,,,,280.0,44.50,,,,
ZcTag087,180757,1.000000,Transmission,Mk10,14-Jun-2019,11:00:00,,,,361.0,46.00,,,,
ZcTag087,180757,1.000000,Transmission,Mk10,14-Jun-2019,11:05:00,,,,441.0,47.00,,,,
ZcTag087,180757,1.000000,Transmission,Mk10,14-Jun-2019,11:10:00,,,,280.0,44.50,,,,
ZcTag087,180757,1.000000,Transmission,Mk10,14-Jun-2019,11:15:00,,,,10.0,10.50,,,,
ZcTag087,180757,1.000000,Transmission,Mk10,14-Jun-2019,11:20:00,,,,180.0,23.50,,,,
ZcTag087,180757,1.000000,Transmission,Mk10,14-Jun-2019,11:25:00,,,,280.0,44.50,,,,
ZcTag087,180757,1.000000,Transmission,Mk10,14-Jun-2019,11:30:00,,,,361.0,46.00,,,,
ZcTag087,180757,1.000000,Transmission,Mk10,14-Jun-2019,11:35:00,,,,441.0,47.00,,,,
ZcTag087,180757,1.000000,Transmission,Mk10,14-Jun-2019,11:40:00,,,,100.0,22.00,,,,
ZcTag087,180757,1.000000,Transmission,Mk10,14-Jun-2019,11:45:00,,,,70.0,11.50,,,,
ZcTag087,180757,1.000000,Transmission,Mk10,14-Jun-2019,11:50:00,,,,280.0,44.50,,,,
ZcTag087,180757,1.000000,Transmission,Mk10,14-Jun-2019,11:55:00,,,,10.0,10.50,,,,
ZcTag087,180757,1.000000,Transmission,Mk10,14-Jun-2019,16:00:00,,,,10.0,10.50,,,,
ZcTag087,180757,1.000000,Transmission,Mk10,14-Jun-2019,16:05:00,,,,10.0,10.50,,,,
ZcTag087,180757,1.000000,Transmission,Mk10,14-Jun-2019,16:10:00,,,,520.0,48.50,,,,
ZcTag087,180757,1.000000,Transmission,Mk10,14-Jun-2019,16:15:00,,,,801.0,92.50,,,,
ZcTag087,180757,1.000000,Transmission,Mk10,14-Jun-2019,16:20:00,,,,1121.0,97.50,,,,
ZcTag087,180757,1.000000,Transmission,Mk10,14-Jun-2019,16:25:00,,,,961.0,95.00,,,,
ZcTag087,180757,1.000000,Transmission,Mk10,14-Jun-2019,16:30:00,,,,961.0,95.00,,,,
ZcTag087,180757,1.000000,Transmission,Mk10,14-Jun-2019,16:35:00,,,,961.0,95.00,,,,
ZcTag087,180757,1.000000,Transmission,Mk10,14-Jun-2019,16:40:00,,,,801.0,92.50,,,,
ZcTag087,180757,1.000000,Transmission,Mk10,14-Jun-2019,16:45:00,,,,801.0,92.50,,,,
ZcTag087,180757,1.000000,Transmission,Mk10,14-Jun-2019,16:50:00,,,,801.0,92.50,,,,
ZcTag087,180757,1.000000,Transmission,Mk10,14-Jun-2019,16:55:00,,,,801.0,92.50,,,,
ZcTag087,180757,1.000000,Transmission,Mk10,14-Jun-2019,17:00:00,,,,961.0,95.00,,,,
ZcTag087,180757,1.000000,Transmission,Mk10,14-Jun-2019,17:05:00,,,,961.0,95.00,,,,
ZcTag087,180757,1.000000,Transmission,Mk10,14-Jun-2019,17:10:00,,,,961.0,95.00,,,,
ZcTag087,180757,1.000000,Transmission,Mk10,14-Jun-2019,17:15:00,,,,961.0,95.00,,,,
ZcTag087,180757,1.000000,Transmission,Mk10,14-Jun-2019,17:20:00,,,,641.0,90.00,,,,
ZcTag087,180757,1.000000,Transmission,Mk10,14-Jun-2019,17:25:00,,,,520.0,48.50,,,,
ZcTag087,180757,1.000000,Transmission,Mk10,14-Jun-2019,17:30:00,,,,70.0,11.50,,,,
ZcTag087,180757,1.000000,Transmission,Mk10,14-Jun-2019,17:35:00,,,,280.0,44.50,,,,
ZcTag087,180757,1.000000,Transmission,Mk10,14-Jun-2019,17:40:00,,,,520.0,48.50,,,,
ZcTag087,180757,1.000000,Transmission,Mk10,14-Jun-2019,17:45:00,,,,361.0,46.00,,,,
ZcTag087,180757,1.000000,Transmission,Mk10,14-Jun-2019,17:50:00,,,,280.0,44.50,,,,
ZcTag087,180757,1.000000,Transmission,Mk10,14-Jun-2019,17:55:00,,,,180.0,23.50,,,,
ZcTag087,180757,1.000000,Transmission,Mk10,14-Jun-2019,18:00:00,,,,10.0,10.50,,,,
ZcTag087,180757,1.000000,Transmission,Mk10,14-Jun-2019,18:05:00,,,,280.0,44.50,,,,
ZcTag087,180757,1.000000,Transmission,Mk10,14-Jun-2019,18:10:00,,,,441.0,47.00,,,,
ZcTag087,180757,1.000000,Transmission,Mk10,14-Jun-2019,18:15:00,,,,140.0,22.50,,,,
ZcTag087,180757,1.000000,Transmission,Mk10,14-Jun-2019,18:20:00,,,,10.0,10.50,,,,
ZcTag087,180757,1.000000,Transmission,Mk10,14-Jun-2019,18:25:00,,,,361.0,46.00,,,,
ZcTag087,180757,1.000000,Transmission,Mk10,14-Jun-2019,18:30:00,,,,361.0,46.00,,,,
ZcTag087,180757,1.000000,Transmission,Mk10,14-Jun-2019,18:35:00,,,,441.0,47.00,,,,
ZcTag087,180757,1.000000,Transmission,Mk10,14-Jun-2019,18:40:00,,,,140.0,22.50,,,,
ZcTag087,180757,1.000000,Transmission,Mk10,14-Jun-2019,18:45:00,,,,30.0,11.00,,,,
ZcTag087,180757,1.000000,Transmission,Mk10,14-Jun-2019,18:50:00,,,,280.0,44.50,,,,
ZcTag087,180757,1.000000,Transmission,Mk10,14-Jun-2019,18:55:00,,,,361.0,46.00,,,,
ZcTag087,180757,1.000000,Transmission,Mk10,14-Jun-2019,19:00:00,,,,280.0,44.50,,,,
ZcTag087,180757,1.000000,Transmission,Mk10,14-Jun-2019,19:05:00,,,,100.0,22.00,,,,
ZcTag087,180757,1.000000,Transmission,Mk10,14-Jun-2019,19:10:00,,,,10.0,10.50,,,,
ZcTag087,180757,1.000000,Transmission,Mk10,14-Jun-2019,19:15:00,,,,441.0,47.00,,,,
ZcTag087,180757,1.000000,Transmission,Mk10,14-Jun-2019,19:20:00,,,,801.0,92.50,,,,
ZcTag087,180757,1.000000,Transmission,Mk10,14-Jun-2019,19:25:00,,,,961.0,95.00,,,,
ZcTag087,180757,1.000000,Transmission,Mk10,14-Jun-2019,19:30:00,,,,1121.0,97.50,,,,
ZcTag087,180757,1.000000,Transmission,Mk10,14-Jun-2019,19:35:00,,,,1121.0,97.50,,,,
ZcTag087,180757,1.000000,Transmission,Mk10,14-Jun-2019,19:40:00,,,,1121.0,97.50,,,,
ZcTag087,180757,1.000000,Transmission,Mk10,14-Jun-2019,19:45:00,,,,961.0,95.00,,,,
ZcTag087,180757,1.000000,Transmission,Mk10,14-Jun-2019,19:50:00,,,,801.0,92.50,,,,
ZcTag087,180757,1.000000,Transmission,Mk10,14-Jun-2019,19:55:00,,,,520.0,48.50,,,,
ZcTag087,180757,1.000000,Transmission,Mk10,14-Jun-2019,20:00:00,,,,280.0,44.50,,,,
ZcTag087,180757,1.000000,Transmission,Mk10,14-Jun-2019,20:05:00,,,,10.0,10.50,,,,
ZcTag087,180757,1.000000,Transmission,Mk10,14-Jun-2019,20:10:00,,,,280.0,44.50,,,,
ZcTag087,180757,1.000000,Transmission,Mk10,14-Jun-2019,20:15:00,,,,361.0,46.00,,,,
ZcTag087,180757,1.000000,Transmission,Mk10,14-Jun-2019,20:20:00,,,,441.0,47.00,,,,
ZcTag087,180757,1.000000,Transmission,Mk10,14-Jun-2019,20:25:00,,,,361.0,46.00,,,,
ZcTag087,180757,1.000000,Transmission,Mk10,14-Jun-2019,20:30:00,,,,180.0,23.50,,,,
ZcTag087,180757,1.000000,Transmission,Mk10,14-Jun-2019,20:35:00,,,,30.0,11.00,,,,
ZcTag087,180757,1.000000,Transmission,Mk10,14-Jun-2019,20:40:00,,,,280.0,44.50,,,,
ZcTag087,180757,1.000000,Transmission,Mk10,14-Jun-2019,20:45:00,,,,361.0,46.00,,,,
ZcTag087,180757,1.000000,Transmission,Mk10,14-Jun-2019,20:50:00,,,,361.0,46.00,,,,
ZcTag087,180757,1.000000,Transmission,Mk10,14-Jun-2019,20:55:00,,,,280.0,44.50,,,,
ZcTag087,180757,1.000000,Transmission,Mk10,14-Jun-2019,21:00:00,,,,10.0,10.50,,,,
ZcTag087,180757,1.000000,Transmission,Mk10,14-Jun-2019,21:05:00,,,,140.0,22.50,,,,
ZcTag087,180757,1.000000,Transmission,Mk10,14-Jun-2019,21:10:00,,,,641.0,90.00,,,,
ZcTag087,180757,1.000000,Transmission,Mk10,14-Jun-2019,21:15:00,,,,961.0,95.00,,,,
ZcTag087,180757,1.000000,Transmission,Mk10,14-Jun-2019,21:20:00,,,,961.0,95.00,,,,
ZcTag087,180757,1.000000,Transmission,Mk10,14-Jun-2019,21:25:00,,,,1121.0,97.50,,,,
ZcTag087,180757,1.000000,Transmission,Mk10,14-Jun-2019,21:30:00,,,,1121.0,97.50,,,,
ZcTag087,180757,1.000000,Transmission,Mk10,14-Jun-2019,21:35:00,,,,1121.0,97.50,,,,
ZcTag087,180757,1.000000,Transmission,Mk10,14-Jun-2019,21:40:00,,,,1121.0,97.50,,,,
ZcTag087,180757,1.000000,Transmission,Mk10,14-Jun-2019,21:45:00,,,,801.0,92.50,,,,
ZcTag087,180757,1.000000,Transmission,Mk10,14-Jun-2019,21:50:00,,,,641.0,90.00,,,,
ZcTag087,180757,1.000000,Transmission,Mk10,14-Jun-2019,21:55:00,,,,520.0,48.50,,,,
ZcTag087,180757,1.000000,Transmission,Mk10,14-Jun-2019,22:00:00,,,,361.0,46.00,,,,
ZcTag087,180757,1.000000,Transmission,Mk10,14-Jun-2019,22:05:00,,,,10.0,10.50,,,,
ZcTag087,180757,1.000000,Transmission,Mk10,14-Jun-2019,22:10:00,,,,280.0,44.50,,,,
ZcTag087,180757,1.000000,Transmission,Mk10,14-Jun-2019,22:15:00,,,,361.0,46.00,,,,
ZcTag087,180757,1.000000,Transmission,Mk10,14-Jun-2019,22:20:00,,,,361.0,46.00,,,,
ZcTag087,180757,1.000000,Transmission,Mk10,14-Jun-2019,22:25:00,,,,100.0,22.00,,,,
ZcTag087,180757,1.000000,Transmission,Mk10,14-Jun-2019,22:30:00,,,,100.0,22.00,,,,
ZcTag087,180757,1.000000,Transmission,Mk10,14-Jun-2019,22:35:00,,,,641.0,90.00,,,,
ZcTag087,180757,1.000000,Transmission,Mk10,14-Jun-2019,22:40:00,,,,1121.0,97.50,,,,
ZcTag087,180757,1.000000,Transmission,Mk10,14-Jun-2019,22:45:00,,,,1121.0,97.50,,,,
ZcTag087,180757,1.000000,Transmission,Mk10,14-Jun-2019,22:50:00,,,,961.0,95.00,,,,
ZcTag087,180757,1.000000,Transmission,Mk10,14-Jun-2019,22:55:00,,,,961.0,95.00,,,,
ZcTag087,180757,1.000000,Transmission,Mk10,14-Jun-2019,23:00:00,,,,961.0,95.00,,,,
ZcTag087,180757,1.000000,Transmission,Mk10,14-Jun-2019,23:05:00,,,,801.0,92.50,,,,
ZcTag087,180757,1.000000,Transmission,Mk10,14-Jun-2019,23:10:00,,,,641.0,90.00,,,,
ZcTag087,180757,1.000000,Transmission,Mk10,14-Jun-2019,23:15:00,,,,641.0,90.00,,,,
ZcTag087,180757,1.000000,Transmission,Mk10,14-Jun-2019,23:20:00,,,,520.0,48.50,,,,
ZcTag087,180757,1.000000,Transmission,Mk10,14-Jun-2019,23:25:00,,,,441.0,47.00,,,,
ZcTag087,180757,1.000000,Transmission,Mk10,14-Jun-2019,23:30:00,,,,30.0,11.00,,,,
ZcTag087,180757,1.000000,Transmission,Mk10,14-Jun-2019,23:35:00,,,,180.0,23.50,,,,
ZcTag087,180757,1.000000,Transmission,Mk10,14-Jun-2019,23:40:00,,,,361.0,46.00,,,,
ZcTag087,180757,1.000000,Transmission,Mk10,14-Jun-2019,23:45:00,,,,441.0,47.00,,,,
ZcTag087,180757,1.000000,Transmission,Mk10,14-Jun-2019,23:50:00,,,,361.0,46.00,,,,
ZcTag087,180757,1.000000,Transmission,Mk10,14-Jun-2019,23:55:00,,,,140.0,22.50,,,,
ZcTag087,180757,1.000000,Transmission,Mk10,15-Jun-2019,00:00:00,,,,45.0,10.00,,,,
ZcTag087,180757,1.000000,Transmission,Mk10,15-Jun-2019,00:05:00,,,,250.0,39.50,,,,
ZcTag087,180757,1.000000,Transmission,Mk10,15-Jun-2019,00:10:00,,,,322.0,41.00,,,,
ZcTag087,180757,1.000000,Transmission,Mk10,15-Jun-2019,00:15:00,,,,322.0,41.00,,,,
ZcTag087,180757,1.000000,Transmission,Mk10,15-Jun-2019,00:20:00,,,,9.0,9.50,,,,
ZcTag087,180757,1.000000,Transmission,Mk10,15-Jun-2019,00:25:00,,,,161.0,21.00,,,,
ZcTag087,180757,1.000000,Transmission,Mk10,15-Jun-2019,00:30:00,,,,250.0,39.50,,,,
ZcTag087,180757,1.000000,Transmission,Mk10,15-Jun-2019,00:35:00,,,,250.0,39.50,,,,
ZcTag087,180757,1.000000,Transmission,Mk10,15-Jun-2019,00:40:00,,,,45.0,10.00,,,,
ZcTag087,180757,1.000000,Transmission,Mk10,15-Jun-2019,00:45:00,,,,9.0,9.50,,,,
ZcTag087,180757,1.000000,Transmission,Mk10,15-Jun-2019,00:50:00,,,,464.0,42.50,,,,
ZcTag087,180757,1.000000,Transmission,Mk10,15-Jun-2019,00:55:00,,,,715.0,82.00,,,,
ZcTag087,180757,1.000000,Transmission,Mk10,15-Jun-2019,01:00:00,,,,858.0,84.00,,,,
ZcTag087,180757,1.000000,Transmission,Mk10,15-Jun-2019,01:05:00,,,,858.0,84.00,,,,
ZcTag087,180757,1.000000,Transmission,Mk10,15-Jun-2019,01:10:00,,,,858.0,84.00,,,,
ZcTag087,180757,1.000000,Transmission,Mk10,15-Jun-2019,01:15:00,,,,858.0,84.00,,,,
ZcTag087,180757,1.000000,Transmission,Mk10,15-Jun-2019,01:20:00,,,,715.0,82.00,,,,
ZcTag087,180757,1.000000,Transmission,Mk10,15-Jun-2019,01:25:00,,,,464.0,42.50,,,,
ZcTag087,180757,1.000000,Transmission,Mk10,15-Jun-2019,01:30:00,,,,572.0,80.00,,,,
ZcTag087,180757,1.000000,Transmission,Mk10,15-Jun-2019,01:35:00,,,,572.0,80.00,,,,
ZcTag087,180757,1.000000,Transmission,Mk10,15-Jun-2019,01:40:00,,,,572.0,80.00,,,,
ZcTag087,180757,1.000000,Transmission,Mk10,15-Jun-2019,01:45:00,,,,464.0,42.50,,,,
ZcTag087,180757,1.000000,Transmission,Mk10,15-Jun-2019,01:50:00,,,,161.0,21.00,,,,
ZcTag087,180757,1.000000,Transmission,Mk10,15-Jun-2019,01:55:00,,,,89.0,19.50,,,,
ZcTag087,180757,1.000000,Transmission,Mk10,15-Jun-2019,02:00:00,,,,322.0,41.00,,,,
ZcTag087,180757,1.000000,Transmission,Mk10,15-Jun-2019,02:05:00,,,,464.0,42.50,,,,
ZcTag087,180757,1.000000,Transmission,Mk10,15-Jun-2019,02:10:00,,,,464.0,42.50,,,,
ZcTag087,180757,1.000000,Transmission,Mk10,15-Jun-2019,02:15:00,,,,250.0,39.50,,,,
ZcTag087,180757,1.000000,Transmission,Mk10,15-Jun-2019,02:20:00,,,,62.0,10.50,,,,
ZcTag087,180757,1.000000,Transmission,Mk10,15-Jun-2019,02:25:00,,,,62.0,10.50,,,,
ZcTag087,180757,1.000000,Transmission,Mk10,15-Jun-2019,02:30:00,,,,250.0,39.50,,,,
ZcTag087,180757,1.000000,Transmission,Mk10,15-Jun-2019,02:35:00,,,,250.0,39.50,,,,
ZcTag087,180757,1.000000,Transmission,Mk10,15-Jun-2019,02:40:00,,,,197.0,21.00,,,,
ZcTag087,180757,1.000000,Transmission,Mk10,15-Jun-2019,02:45:00,,,,62.0,10.50,,,,
ZcTag087,180757,1.000000,Transmission,Mk10,15-Jun-2019,02:50:00,,,,27.0,10.00,,,,
ZcTag087,180757,1.000000,Transmission,Mk10,15-Jun-2019,02:55:00,,,,45.0,10.00,,,,
ZcTag087,180757,1.000000,Transmission,Mk10,15-Jun-2019,03:00:00,,,,9.0,9.50,,,,
ZcTag087,180757,1.000000,Transmission,Mk10,15-Jun-2019,03:05:00,,,,250.0,39.50,,,,
ZcTag087,180757,1.000000,Transmission,Mk10,15-Jun-2019,03:10:00,,,,715.0,82.00,,,,
ZcTag087,180757,1.000000,Transmission,Mk10,15-Jun-2019,03:15:00,,,,858.0,84.00,,,,
ZcTag087,180757,1.000000,Transmission,Mk10,15-Jun-2019,03:20:00,,,,1002.0,87.00,,,,
ZcTag087,180757,1.000000,Transmission,Mk10,15-Jun-2019,03:25:00,,,,858.0,84.00,,,,
ZcTag087,180757,1.000000,Transmission,Mk10,15-Jun-2019,03:30:00,,,,858.0,84.00,,,,
ZcTag087,180757,1.000000,Transmission,Mk10,15-Jun-2019,03:35:00,,,,858.0,84.00,,,,
ZcTag087,180757,1.000000,Transmission,Mk10,15-Jun-2019,03:40:00,,,,858.0,84.00,,,,
ZcTag087,180757,1.000000,Transmission,Mk10,15-Jun-2019,03:45:00,,,,715.0,82.00,,,,
ZcTag087,180757,1.000000,Transmission,Mk10,15-Jun-2019,03:50:00,,,,572.0,80.00,,,,
ZcTag087,180757,1.000000,Transmission,Mk10,15-Jun-2019,03:55:00,,,,572.0,80.00,,,,
ZcTag087,180757,1.000000,Transmission,Mk10,15-Jun-2019,04:00:00,,,,520.0,48.50,,,,
ZcTag087,180757,1.000000,Transmission,Mk10,15-Jun-2019,04:05:00,,,,520.0,48.50,,,,
ZcTag087,180757,1.000000,Transmission,Mk10,15-Jun-2019,04:10:00,,,,280.0,44.50,,,,
ZcTag087,180757,1.000000,Transmission,Mk10,15-Jun-2019,04:15:00,,,,220.0,23.50,,,,
ZcTag087,180757,1.000000,Transmission,Mk10,15-Jun-2019,04:20:00,,,,641.0,90.00,,,,
ZcTag087,180757,1.000000,Transmission,Mk10,15-Jun-2019,04:25:00,,,,441.0,47.00,,,,
ZcTag087,180757,1.000000,Transmission,Mk10,15-Jun-2019,04:30:00,,,,180.0,23.50,,,,
ZcTag087,180757,1.000000,Transmission,Mk10,15-Jun-2019,04:35:00,,,,70.0,11.50,,,,
ZcTag087,180757,1.000000,Transmission,Mk10,15-Jun-2019,04:40:00,,,,220.0,23.50,,,,
ZcTag087,180757,1.000000,Transmission,Mk10,15-Jun-2019,04:45:00,,,,100.0,22.00,,,,
ZcTag087,180757,1.000000,Transmission,Mk10,15-Jun-2019,04:50:00,,,,10.0,10.50,,,,
ZcTag087,180757,1.000000,Transmission,Mk10,15-Jun-2019,04:55:00,,,,280.0,44.50,,,,
ZcTag087,180757,1.000000,Transmission,Mk10,15-Jun-2019,05:00:00,,,,220.0,23.50,,,,
ZcTag087,180757,1.000000,Transmission,Mk10,15-Jun-2019,05:05:00,,,,100.0,22.00,,,,
ZcTag087,180757,1.000000,Transmission,Mk10,15-Jun-2019,05:10:00,,,,10.0,10.50,,,,
ZcTag087,180757,1.000000,Transmission,Mk10,15-Jun-2019,05:15:00,,,,220.0,23.50,,,,
ZcTag087,180757,1.000000,Transmission,Mk10,15-Jun-2019,05:20:00,,,,280.0,44.50,,,,
ZcTag087,180757,1.000000,Transmission,Mk10,15-Jun-2019,05:25:00,,,,280.0,44.50,,,,
ZcTag087,180757,1.000000,Transmission,Mk10,15-Jun-2019,05:30:00,,,,100.0,22.00,,,,
ZcTag087,180757,1.000000,Transmission,Mk10,15-Jun-2019,05:35:00,,,,10.0,10.50,,,,
ZcTag087,180757,1.000000,Transmission,Mk10,15-Jun-2019,05:40:00,,,,50.0,11.00,,,,
ZcTag087,180757,1.000000,Transmission,Mk10,15-Jun-2019,05:45:00,,,,50.0,11.00,,,,
ZcTag087,180757,1.000000,Transmission,Mk10,15-Jun-2019,05:50:00,,,,30.0,11.00,,,,
ZcTag087,180757,1.000000,Transmission,Mk10,15-Jun-2019,05:55:00,,,,70.0,11.50,,,,
ZcTag087,180757,1.000000,Transmission,Mk10,15-Jun-2019,06:00:00,,,,280.0,44.50,,,,
ZcTag087,180757,1.000000,Transmission,Mk10,15-Jun-2019,06:05:00,,,,361.0,46.00,,,,
ZcTag087,180757,1.000000,Transmission,Mk10,15-Jun-2019,06:10:00,,,,361.0,46.00,,,,
ZcTag087,180757,1.000000,Transmission,Mk10,15-Jun-2019,06:15:00,,,,220.0,23.50,,,,
ZcTag087,180757,1.000000,Transmission,Mk10,15-Jun-2019,06:20:00,,,,10.0,10.50,,,,
ZcTag087,180757,1.000000,Transmission,Mk10,15-Jun-2019,06:25:00,,,,10.0,10.50,,,,
ZcTag087,180757,1.000000,Transmission,Mk10,15-Jun-2019,06:30:00,,,,520.0,48.50,,,,
ZcTag087,180757,1.000000,Transmission,Mk10,15-Jun-2019,06:35:00,,,,961.0,95.00,,,,
ZcTag087,180757,1.000000,Transmission,Mk10,15-Jun-2019,06:40:00,,,,961.0,95.00,,,,
ZcTag087,180757,1.000000,Transmission,Mk10,15-Jun-2019,06:45:00,,,,961.0,95.00,,,,
ZcTag087,180757,1.000000,Transmission,Mk10,15-Jun-2019,06:50:00,,,,1121.0,97.50,,,,
ZcTag087,180757,1.000000,Transmission,Mk10,15-Jun-2019,06:55:00,,,,1121.0,97.50,,,,
ZcTag087,180757,1.000000,Transmission,Mk10,15-Jun-2019,07:00:00,,,,961.0,95.00,,,,
ZcTag087,180757,1.000000,Transmission,Mk10,15-Jun-2019,07:05:00,,,,961.0,95.00,,,,
ZcTag087,180757,1.000000,Transmission,Mk10,15-Jun-2019,07:10:00,,,,641.0,90.00,,,,
ZcTag087,180757,1.000000,Transmission,Mk10,15-Jun-2019,07:15:00,,,,441.0,47.00,,,,
ZcTag087,180757,1.000000,Transmission,Mk10,15-Jun-2019,07:20:00,,,,140.0,22.50,,,,
ZcTag087,180757,1.000000,Transmission,Mk10,15-Jun-2019,07:25:00,,,,10.0,10.50,,,,
ZcTag087,180757,1.000000,Transmission,Mk10,15-Jun-2019,07:30:00,,,,280.0,44.50,,,,
ZcTag087,180757,1.000000,Transmission,Mk10,15-Jun-2019,07:35:00,,,,280.0,44.50,,,,
ZcTag087,180757,1.000000,Transmission,Mk10,15-Jun-2019,07:40:00,,,,280.0,44.50,,,,
ZcTag087,180757,1.000000,Transmission,Mk10,15-Jun-2019,07:45:00,,,,140.0,22.50,,,,
ZcTag087,180757,1.000000,Transmission,Mk10,15-Jun-2019,07:50:00,,,,10.0,10.50,,,,
ZcTag087,180757,1.000000,Transmission,Mk10,15-Jun-2019,07:55:00,,,,280.0,44.50,,,,
ZcTag087,180757,1.000000,Transmission,Mk10,15-Jun-2019,16:00:00,,,,295.0,46.00,,,,
ZcTag087,180757,1.000000,Transmission,Mk10,15-Jun-2019,16:05:00,,,,379.0,47.50,,,,
ZcTag087,180757,1.000000,Transmission,Mk10,15-Jun-2019,16:10:00,,,,295.0,46.00,,,,
ZcTag087,180757,1.000000,Transmission,Mk10,15-Jun-2019,16:15:00,,,,74.0,12.00,,,,
ZcTag087,180757,1.000000,Transmission,Mk10,15-Jun-2019,16:20:00,,,,52.0,11.50,,,,
ZcTag087,180757,1.000000,Transmission,Mk10,15-Jun-2019,16:25:00,,,,295.0,46.00,,,,
ZcTag087,180757,1.000000,Transmission,Mk10,15-Jun-2019,16:30:00,,,,379.0,47.50,,,,
ZcTag087,180757,1.000000,Transmission,Mk10,15-Jun-2019,16:35:00,,,,295.0,46.00,,,,
ZcTag087,180757,1.000000,Transmission,Mk10,15-Jun-2019,16:40:00,,,,147.0,23.50,,,,
ZcTag087,180757,1.000000,Transmission,Mk10,15-Jun-2019,16:45:00,,,,11.0,11.00,,,,
ZcTag087,180757,1.000000,Transmission,Mk10,15-Jun-2019,16:50:00,,,,232.0,24.00,,,,
ZcTag087,180757,1.000000,Transmission,Mk10,15-Jun-2019,16:55:00,,,,295.0,46.00,,,,
ZcTag087,180757,1.000000,Transmission,Mk10,15-Jun-2019,17:00:00,,,,295.0,46.00,,,,
ZcTag087,180757,1.000000,Transmission,Mk10,15-Jun-2019,17:05:00,,,,190.0,24.00,,,,
ZcTag087,180757,1.000000,Transmission,Mk10,15-Jun-2019,17:10:00,,,,31.0,11.50,,,,
ZcTag087,180757,1.000000,Transmission,Mk10,15-Jun-2019,17:15:00,,,,147.0,23.50,,,,
ZcTag087,180757,1.000000,Transmission,Mk10,15-Jun-2019,17:20:00,,,,295.0,46.00,,,,
ZcTag087,180757,1.000000,Transmission,Mk10,15-Jun-2019,17:25:00,,,,295.0,46.00,,,,
ZcTag087,180757,1.000000,Transmission,Mk10,15-Jun-2019,17:30:00,,,,295.0,46.00,,,,
ZcTag087,180757,1.000000,Transmission,Mk10,15-Jun-2019,17:35:00,,,,11.0,11.00,,,,
ZcTag087,180757,1.000000,Transmission,Mk10,15-Jun-2019,17:40:00,,,,379.0,47.50,,,,
ZcTag087,180757,1.000000,Transmission,Mk10,15-Jun-2019,17:45:00,,,,843.0,95.00,,,,
ZcTag087,180757,1.000000,Transmission,Mk10,15-Jun-2019,17:50:00,,,,1181.0,100.00,,,,
ZcTag087,180757,1.000000,Transmission,Mk10,15-Jun-2019,17:55:00,,,,1181.0,100.00,,,,
ZcTag087,180757,1.000000,Transmission,Mk10,15-Jun-2019,18:00:00,,,,1181.0,100.00,,,,
ZcTag087,180757,1.000000,Transmission,Mk10,15-Jun-2019,18:05:00,,,,1011.0,96.50,,,,
ZcTag087,180757,1.000000,Transmission,Mk10,15-Jun-2019,18:10:00,,,,1181.0,100.00,,,,
ZcTag087,180757,1.000000,Transmission,Mk10,15-Jun-2019,18:15:00,,,,843.0,95.00,,,,
ZcTag087,180757,1.000000,Transmission,Mk10,15-Jun-2019,18:20:00,,,,1011.0,96.50,,,,
ZcTag087,180757,1.000000,Transmission,Mk10,15-Jun-2019,18:25:00,,,,843.0,95.00,,,,
ZcTag087,180757,1.000000,Transmission,Mk10,15-Jun-2019,18:30:00,,,,674.0,92.50,,,,
ZcTag087,180757,1.000000,Transmission,Mk10,15-Jun-2019,18:35:00,,,,464.0,48.00,,,,
ZcTag087,180757,1.000000,Transmission,Mk10,15-Jun-2019,18:40:00,,,,232.0,24.00,,,,
ZcTag087,180757,1.000000,Transmission,Mk10,15-Jun-2019,18:45:00,,,,11.0,11.00,,,,
ZcTag087,180757,1.000000,Transmission,Mk10,15-Jun-2019,18:50:00,,,,379.0,47.50,,,,
ZcTag087,180757,1.000000,Transmission,Mk10,15-Jun-2019,18:55:00,,,,464.0,48.00,,,,
ZcTag087,180757,1.000000,Transmission,Mk10,15-Jun-2019,19:00:00,,,,379.0,47.50,,,,
ZcTag087,180757,1.000000,Transmission,Mk10,15-Jun-2019,19:05:00,,,,295.0,46.00,,,,
ZcTag087,180757,1.000000,Transmission,Mk10,15-Jun-2019,19:10:00,,,,11.0,11.00,,,,
ZcTag087,180757,1.000000,Transmission,Mk10,15-Jun-2019,19:15:00,,,,190.0,24.00,,,,
ZcTag087,180757,1.000000,Transmission,Mk10,15-Jun-2019,19:20:00,,,,295.0,46.00,,,,
ZcTag087,180757,1.000000,Transmission,Mk10,15-Jun-2019,19:25:00,,,,379.0,47.50,,,,
ZcTag087,180757,1.000000,Transmission,Mk10,15-Jun-2019,19:30:00,,,,295.0,46.00,,,,
ZcTag087,180757,1.000000,Transmission,Mk10,15-Jun-2019,19:35:00,,,,11.0,11.00,,,,
ZcTag087,180757,1.000000,Transmission,Mk10,15-Jun-2019,19:40:00,,,,190.0,24.00,,,,
ZcTag087,180757,1.000000,Transmission,Mk10,15-Jun-2019,19:45:00,,,,295.0,46.00,,,,
ZcTag087,180757,1.000000,Transmission,Mk10,15-Jun-2019,19:50:00,,,,379.0,47.50,,,,
ZcTag087,180757,1.000000,Transmission,Mk10,15-Jun-2019,19:55:00,,,,232.0,24.00,,,,
ZcTag087,180757,1.000000,Transmission,Mk10,15-Jun-2019,20:00:00,,,,10.0,10.00,,,,
ZcTag087,180757,1.000000,Transmission,Mk10,15-Jun-2019,20:05:00,,,,214.0,22.50,,,,
ZcTag087,180757,1.000000,Transmission,Mk10,15-Jun-2019,20:10:00,,,,623.0,86.50,,,,
ZcTag087,180757,1.000000,Transmission,Mk10,15-Jun-2019,20:15:00,,,,779.0,88.00,,,,
ZcTag087,180757,1.000000,Transmission,Mk10,15-Jun-2019,20:20:00,,,,934.0,90.50,,,,
ZcTag087,180757,1.000000,Transmission,Mk10,15-Jun-2019,20:25:00,,,,934.0,90.50,,,,
ZcTag087,180757,1.000000,Transmission,Mk10,15-Jun-2019,20:30:00,,,,934.0,90.50,,,,
ZcTag087,180757,1.000000,Transmission,Mk10,15-Jun-2019,20:35:00,,,,779.0,88.00,,,,
ZcTag087,180757,1.000000,Transmission,Mk10,15-Jun-2019,20:40:00,,,,779.0,88.00,,,,
ZcTag087,180757,1.000000,Transmission,Mk10,15-Jun-2019,20:45:00,,,,779.0,88.00,,,,
ZcTag087,180757,1.000000,Transmission,Mk10,15-Jun-2019,20:50:00,,,,779.0,88.00,,,,
ZcTag087,180757,1.000000,Transmission,Mk10,15-Jun-2019,20:55:00,,,,623.0,86.50,,,,
ZcTag087,180757,1.000000,Transmission,Mk10,15-Jun-2019,21:00:00,,,,273.0,43.00,,,,
ZcTag087,180757,1.000000,Transmission,Mk10,15-Jun-2019,21:05:00,,,,29.0,10.50,,,,
ZcTag087,180757,1.000000,Transmission,Mk10,15-Jun-2019,21:10:00,,,,273.0,43.00,,,,
ZcTag087,180757,1.000000,Transmission,Mk10,15-Jun-2019,21:15:00,,,,351.0,44.00,,,,
ZcTag087,180757,1.000000,Transmission,Mk10,15-Jun-2019,21:20:00,,,,351.0,44.00,,,,
ZcTag087,180757,1.000000,Transmission,Mk10,15-Jun-2019,21:25:00,,,,10.0,10.00,,,,
ZcTag087,180757,1.000000,Transmission,Mk10,15-Jun-2019,21:30:00,,,,214.0,22.50,,,,
ZcTag087,180757,1.000000,Transmission,Mk10,15-Jun-2019,21:35:00,,,,273.0,43.00,,,,
ZcTag087,180757,1.000000,Transmission,Mk10,15-Jun-2019,21:40:00,,,,273.0,43.00,,,,
ZcTag087,180757,1.000000,Transmission,Mk10,15-Jun-2019,21:45:00,,,,214.0,22.50,,,,
ZcTag087,180757,1.000000,Transmission,Mk10,15-Jun-2019,21:50:00,,,,29.0,10.50,,,,
ZcTag087,180757,1.000000,Transmission,Mk10,15-Jun-2019,21:55:00,,,,351.0,44.00,,,,
ZcTag087,180757,1.000000,Transmission,Mk10,15-Jun-2019,22:00:00,,,,351.0,44.00,,,,
ZcTag087,180757,1.000000,Transmission,Mk10,15-Jun-2019,22:05:00,,,,136.0,21.50,,,,
ZcTag087,180757,1.000000,Transmission,Mk10,15-Jun-2019,22:10:00,,,,10.0,10.00,,,,
ZcTag087,180757,1.000000,Transmission,Mk10,15-Jun-2019,22:15:00,,,,273.0,43.00,,,,
ZcTag087,180757,1.000000,Transmission,Mk10,15-Jun-2019,22:20:00,,,,779.0,88.00,,,,
ZcTag087,180757,1.000000,Transmission,Mk10,15-Jun-2019,22:25:00,,,,1091.0,93.50,,,,
ZcTag087,180757,1.000000,Transmission,Mk10,15-Jun-2019,22:30:00,,,,1091.0,93.50,,,,
ZcTag087,180757,1.000000,Transmission,Mk10,15-Jun-2019,22:35:00,,,,1091.0,93.50,,,,
ZcTag087,180757,1.000000,Transmission,Mk10,15-Jun-2019,22:40:00,,,,1091.0,93.50,,,,
ZcTag087,180757,1.000000,Transmission,Mk10,15-Jun-2019,22:45:00,,,,934.0,90.50,,,,
ZcTag087,180757,1.000000,Transmission,Mk10,15-Jun-2019,22:50:00,,,,779.0,88.00,,,,
ZcTag087,180757,1.000000,Transmission,Mk10,15-Jun-2019,22:55:00,,,,779.0,88.00,,,,
ZcTag087,180757,1.000000,Transmission,Mk10,15-Jun-2019,23:00:00,,,,779.0,88.00,,,,
ZcTag087,180757,1.000000,Transmission,Mk10,15-Jun-2019,23:05:00,,,,934.0,90.50,,,,
ZcTag087,180757,1.000000,Transmission,Mk10,15-Jun-2019,23:10:00,,,,779.0,88.00,,,,
ZcTag087,180757,1.000000,Transmission,Mk10,15-Jun-2019,23:15:00,,,,623.0,86.50,,,,
ZcTag087,180757,1.000000,Transmission,Mk10,15-Jun-2019,23:20:00,,,,506.0,46.00,,,,
ZcTag087,180757,1.000000,Transmission,Mk10,15-Jun-2019,23:25:00,,,,136.0,21.50,,,,
ZcTag087,180757,1.000000,Transmission,Mk10,15-Jun-2019,23:30:00,,,,273.0,43.00,,,,
ZcTag087,180757,1.000000,Transmission,Mk10,15-Jun-2019,23:35:00,,,,351.0,44.00,,,,
ZcTag087,180757,1.000000,Transmission,Mk10,15-Jun-2019,23:40:00,,,,175.0,22.50,,,,
ZcTag087,180757,1.000000,Transmission,Mk10,15-Jun-2019,23:45:00,,,,10.0,10.00,,,,
ZcTag087,180757,1.000000,Transmission,Mk10,15-Jun-2019,23:50:00,,,,273.0,43.00,,,,
ZcTag087,180757,1.000000,Transmission,Mk10,15-Jun-2019,23:55:00,,,,273.0,43.00,,,,
